  -1  -1  -1  -1  -1  -1  -1  -1   0  -1  -1  -1  -1  -1  -1  -1  -1  -1  -1  -1  -1  -1  -1  -1  -1  -1  -1  -1  -1  -1  -1  -1  -1  -1  -1  -1  -1  -1  -1  -1  -1  -1  -1  -1  -1  -1  -1  -1  -1  -1  -1  -1  -1  -1  -1  -1  -1  -1  -1  -1  -1  -1  -1  -1	 85035467407744 nsecs RQ    8    0
  -1  -1  -1  -1  -1  -1  -1  -1   1  -1  -1  -1  -1  -1  -1  -1  -1  -1  -1  -1  -1  -1  -1  -1  -1  -1  -1  -1  -1  -1  -1  -1  -1  -1  -1  -1  -1  -1  -1  -1  -1  -1  -1  -1  -1  -1  -1  -1  -1  -1  -1  -1  -1  -1  -1  -1  -1  -1  -1  -1  -1  -1  -1  -1	 85035467410296 nsecs RQ    8    1
  -1  -1  -1  -1  -1  -1  -1  -1   1  -1  -1  -1  -1  -1  -1  -1  -1  -1  -1  -1  -1  -1  -1  -1  -1  -1  -1   1  -1  -1  -1  -1  -1  -1  -1  -1  -1  -1  -1  -1  -1  -1  -1  -1  -1  -1  -1  -1  -1  -1  -1  -1  -1  -1  -1  -1  -1  -1  -1  -1  -1  -1  -1  -1	 85035467416273 nsecs RQ   27    1
  -1  -1  -1  -1  -1  -1  -1  -1   0  -1  -1  -1  -1  -1  -1  -1  -1  -1  -1  -1  -1  -1  -1  -1  -1  -1  -1   1  -1  -1  -1  -1  -1  -1  -1  -1  -1  -1  -1  -1  -1  -1  -1  -1  -1  -1  -1  -1  -1  -1  -1  -1  -1  -1  -1  -1  -1  -1  -1  -1  -1  -1  -1  -1	 85035467419104 nsecs RQ    8    0
  -1  -1  -1  -1  -1  -1  -1  -1   1  -1  -1  -1  -1  -1  -1  -1  -1  -1  -1  -1  -1  -1  -1  -1  -1  -1  -1   1  -1  -1  -1  -1  -1  -1  -1  -1  -1  -1  -1  -1  -1  -1  -1  -1  -1  -1  -1  -1  -1  -1  -1  -1  -1  -1  -1  -1  -1  -1  -1  -1  -1  -1  -1  -1	 85035467424604 nsecs RQ    8    1
  -1  -1  -1  -1  -1  -1  -1  -1   0  -1  -1  -1  -1  -1  -1  -1  -1  -1  -1  -1  -1  -1  -1  -1  -1  -1  -1   1  -1  -1  -1  -1  -1  -1  -1  -1  -1  -1  -1  -1  -1  -1  -1  -1  -1  -1  -1  -1  -1  -1  -1  -1  -1  -1  -1  -1  -1  -1  -1  -1  -1  -1  -1  -1	 85035467432680 nsecs RQ    8    0
  -1  -1  -1  -1  -1  -1  -1  -1   0  -1  -1  -1  -1  -1  -1  -1  -1  -1  -1  -1  -1  -1  -1  -1  -1  -1  -1   1   1  -1  -1  -1  -1  -1  -1  -1  -1  -1  -1  -1  -1  -1  -1  -1  -1  -1  -1  -1  -1  -1  -1  -1  -1  -1  -1  -1  -1  -1  -1  -1  -1  -1  -1  -1	 85035467709331 nsecs RQ   28    1
  -1  -1  -1  -1  -1  -1  -1  -1   0  -1  -1  -1  -1  -1  -1  -1  -1  -1  -1  -1  -1  -1  -1  -1  -1  -1  -1   1   1   1  -1  -1  -1  -1  -1  -1  -1  -1  -1  -1  -1  -1  -1  -1  -1  -1  -1  -1  -1  -1  -1  -1  -1  -1  -1  -1  -1  -1  -1  -1  -1  -1  -1  -1	 85035467777290 nsecs RQ   29    1
   1  -1  -1  -1  -1  -1  -1  -1   0  -1  -1  -1  -1  -1  -1  -1  -1  -1  -1  -1  -1  -1  -1  -1  -1  -1  -1   1   1   1  -1  -1  -1  -1  -1  -1  -1  -1  -1  -1  -1  -1  -1  -1  -1  -1  -1  -1  -1  -1  -1  -1  -1  -1  -1  -1  -1  -1  -1  -1  -1  -1  -1  -1	 85035467844401 nsecs RQ    0    1
   1  -1  -1  -1  -1  -1  -1  -1   0  -1  -1  -1  -1  -1  -1  -1  -1  -1  -1  -1  -1  -1  -1  -1  -1  -1  -1   1   1   0  -1  -1  -1  -1  -1  -1  -1  -1  -1  -1  -1  -1  -1  -1  -1  -1  -1  -1  -1  -1  -1  -1  -1  -1  -1  -1  -1  -1  -1  -1  -1  -1  -1  -1	 85035467856895 nsecs RQ   29    0
   1  -1  -1  -1  -1  -1  -1  -1   0  -1  -1  -1  -1  -1  -1  -1  -1  -1  -1  -1  -1  -1  -1  -1  -1  -1  -1   1   0   0  -1  -1  -1  -1  -1  -1  -1  -1  -1  -1  -1  -1  -1  -1  -1  -1  -1  -1  -1  -1  -1  -1  -1  -1  -1  -1  -1  -1  -1  -1  -1  -1  -1  -1	 85035467878950 nsecs RQ   28    0
   1   1  -1  -1  -1  -1  -1  -1   0  -1  -1  -1  -1  -1  -1  -1  -1  -1  -1  -1  -1  -1  -1  -1  -1  -1  -1   1   0   0  -1  -1  -1  -1  -1  -1  -1  -1  -1  -1  -1  -1  -1  -1  -1  -1  -1  -1  -1  -1  -1  -1  -1  -1  -1  -1  -1  -1  -1  -1  -1  -1  -1  -1	 85035467909991 nsecs RQ    1    1
   0   1  -1  -1  -1  -1  -1  -1   0  -1  -1  -1  -1  -1  -1  -1  -1  -1  -1  -1  -1  -1  -1  -1  -1  -1  -1   1   0   0  -1  -1  -1  -1  -1  -1  -1  -1  -1  -1  -1  -1  -1  -1  -1  -1  -1  -1  -1  -1  -1  -1  -1  -1  -1  -1  -1  -1  -1  -1  -1  -1  -1  -1	 85035467925527 nsecs RQ    0    0
   0   0  -1  -1  -1  -1  -1  -1   0  -1  -1  -1  -1  -1  -1  -1  -1  -1  -1  -1  -1  -1  -1  -1  -1  -1  -1   1   0   0  -1  -1  -1  -1  -1  -1  -1  -1  -1  -1  -1  -1  -1  -1  -1  -1  -1  -1  -1  -1  -1  -1  -1  -1  -1  -1  -1  -1  -1  -1  -1  -1  -1  -1	 85035467929756 nsecs RQ    1    0
   0   0   1  -1  -1  -1  -1  -1   0  -1  -1  -1  -1  -1  -1  -1  -1  -1  -1  -1  -1  -1  -1  -1  -1  -1  -1   1   0   0  -1  -1  -1  -1  -1  -1  -1  -1  -1  -1  -1  -1  -1  -1  -1  -1  -1  -1  -1  -1  -1  -1  -1  -1  -1  -1  -1  -1  -1  -1  -1  -1  -1  -1	 85035468014212 nsecs RQ    2    1
   0   0   0  -1  -1  -1  -1  -1   0  -1  -1  -1  -1  -1  -1  -1  -1  -1  -1  -1  -1  -1  -1  -1  -1  -1  -1   1   0   0  -1  -1  -1  -1  -1  -1  -1  -1  -1  -1  -1  -1  -1  -1  -1  -1  -1  -1  -1  -1  -1  -1  -1  -1  -1  -1  -1  -1  -1  -1  -1  -1  -1  -1	 85035468032393 nsecs RQ    2    0
   0   0   0  -1  -1  -1  -1  -1   0  -1  -1  -1  -1  -1  -1  -1  -1  -1  -1  -1  -1  -1  -1  -1  -1  -1  -1   0   0   0  -1  -1  -1  -1  -1  -1  -1  -1  -1  -1  -1  -1  -1  -1  -1  -1  -1  -1  -1  -1  -1  -1  -1  -1  -1  -1  -1  -1  -1  -1  -1  -1  -1  -1	 85035470965215 nsecs RQ   27    0
   0   0   0  -1  -1  -1  -1  -1   0  -1  -1  -1  -1  -1  -1  -1  -1  -1  -1  -1  -1  -1  -1  -1  -1  -1  -1   1   0   0  -1  -1  -1  -1  -1  -1  -1  -1  -1  -1  -1  -1  -1  -1  -1  -1  -1  -1  -1  -1  -1  -1  -1  -1  -1  -1  -1  -1  -1  -1  -1  -1  -1  -1	 85035470969429 nsecs RQ   27    1
   0   0   0  -1   1  -1  -1  -1   0  -1  -1  -1  -1  -1  -1  -1  -1  -1  -1  -1  -1  -1  -1  -1  -1  -1  -1   1   0   0  -1  -1  -1  -1  -1  -1  -1  -1  -1  -1  -1  -1  -1  -1  -1  -1  -1  -1  -1  -1  -1  -1  -1  -1  -1  -1  -1  -1  -1  -1  -1  -1  -1  -1	 85035470978152 nsecs RQ    4    1
   0   0   0  -1   1  -1  -1  -1   0  -1  -1  -1  -1  -1  -1  -1  -1  -1  -1  -1  -1  -1  -1  -1  -1  -1  -1   0   0   0  -1  -1  -1  -1  -1  -1  -1  -1  -1  -1  -1  -1  -1  -1  -1  -1  -1  -1  -1  -1  -1  -1  -1  -1  -1  -1  -1  -1  -1  -1  -1  -1  -1  -1	 85035470982765 nsecs RQ   27    0
   0   0   0  -1   0  -1  -1  -1   0  -1  -1  -1  -1  -1  -1  -1  -1  -1  -1  -1  -1  -1  -1  -1  -1  -1  -1   0   0   0  -1  -1  -1  -1  -1  -1  -1  -1  -1  -1  -1  -1  -1  -1  -1  -1  -1  -1  -1  -1  -1  -1  -1  -1  -1  -1  -1  -1  -1  -1  -1  -1  -1  -1	 85035471264612 nsecs RQ    4    0
   0   0   0  -1   1  -1  -1  -1   0  -1  -1  -1  -1  -1  -1  -1  -1  -1  -1  -1  -1  -1  -1  -1  -1  -1  -1   0   0   0  -1  -1  -1  -1  -1  -1  -1  -1  -1  -1  -1  -1  -1  -1  -1  -1  -1  -1  -1  -1  -1  -1  -1  -1  -1  -1  -1  -1  -1  -1  -1  -1  -1  -1	 85035471268946 nsecs RQ    4    1
   0   0   1  -1   1  -1  -1  -1   0  -1  -1  -1  -1  -1  -1  -1  -1  -1  -1  -1  -1  -1  -1  -1  -1  -1  -1   0   0   0  -1  -1  -1  -1  -1  -1  -1  -1  -1  -1  -1  -1  -1  -1  -1  -1  -1  -1  -1  -1  -1  -1  -1  -1  -1  -1  -1  -1  -1  -1  -1  -1  -1  -1	 85035471279373 nsecs RQ    2    1
   0   0   1  -1   0  -1  -1  -1   0  -1  -1  -1  -1  -1  -1  -1  -1  -1  -1  -1  -1  -1  -1  -1  -1  -1  -1   0   0   0  -1  -1  -1  -1  -1  -1  -1  -1  -1  -1  -1  -1  -1  -1  -1  -1  -1  -1  -1  -1  -1  -1  -1  -1  -1  -1  -1  -1  -1  -1  -1  -1  -1  -1	 85035471283543 nsecs RQ    4    0
   0   0   1   1   0  -1  -1  -1   0  -1  -1  -1  -1  -1  -1  -1  -1  -1  -1  -1  -1  -1  -1  -1  -1  -1  -1   0   0   0  -1  -1  -1  -1  -1  -1  -1  -1  -1  -1  -1  -1  -1  -1  -1  -1  -1  -1  -1  -1  -1  -1  -1  -1  -1  -1  -1  -1  -1  -1  -1  -1  -1  -1	 85035471500185 nsecs RQ    3    1
   0   0   0   1   0  -1  -1  -1   0  -1  -1  -1  -1  -1  -1  -1  -1  -1  -1  -1  -1  -1  -1  -1  -1  -1  -1   0   0   0  -1  -1  -1  -1  -1  -1  -1  -1  -1  -1  -1  -1  -1  -1  -1  -1  -1  -1  -1  -1  -1  -1  -1  -1  -1  -1  -1  -1  -1  -1  -1  -1  -1  -1	 85035471508532 nsecs RQ    2    0
   0   0   1   1   0  -1  -1  -1   0  -1  -1  -1  -1  -1  -1  -1  -1  -1  -1  -1  -1  -1  -1  -1  -1  -1  -1   0   0   0  -1  -1  -1  -1  -1  -1  -1  -1  -1  -1  -1  -1  -1  -1  -1  -1  -1  -1  -1  -1  -1  -1  -1  -1  -1  -1  -1  -1  -1  -1  -1  -1  -1  -1	 85035472014088 nsecs RQ    2    1
   0   0   0   1   0  -1  -1  -1   0  -1  -1  -1  -1  -1  -1  -1  -1  -1  -1  -1  -1  -1  -1  -1  -1  -1  -1   0   0   0  -1  -1  -1  -1  -1  -1  -1  -1  -1  -1  -1  -1  -1  -1  -1  -1  -1  -1  -1  -1  -1  -1  -1  -1  -1  -1  -1  -1  -1  -1  -1  -1  -1  -1	 85035472025358 nsecs RQ    2    0
   1   0   0   1   0  -1  -1  -1   0  -1  -1  -1  -1  -1  -1  -1  -1  -1  -1  -1  -1  -1  -1  -1  -1  -1  -1   0   0   0  -1  -1  -1  -1  -1  -1  -1  -1  -1  -1  -1  -1  -1  -1  -1  -1  -1  -1  -1  -1  -1  -1  -1  -1  -1  -1  -1  -1  -1  -1  -1  -1  -1  -1	 85035472828879 nsecs RQ    0    1
   1   1   0   1   0  -1  -1  -1   0  -1  -1  -1  -1  -1  -1  -1  -1  -1  -1  -1  -1  -1  -1  -1  -1  -1  -1   0   0   0  -1  -1  -1  -1  -1  -1  -1  -1  -1  -1  -1  -1  -1  -1  -1  -1  -1  -1  -1  -1  -1  -1  -1  -1  -1  -1  -1  -1  -1  -1  -1  -1  -1  -1	 85035472830780 nsecs RQ    1    1
   1   1   1   1   0  -1  -1  -1   0  -1  -1  -1  -1  -1  -1  -1  -1  -1  -1  -1  -1  -1  -1  -1  -1  -1  -1   0   0   0  -1  -1  -1  -1  -1  -1  -1  -1  -1  -1  -1  -1  -1  -1  -1  -1  -1  -1  -1  -1  -1  -1  -1  -1  -1  -1  -1  -1  -1  -1  -1  -1  -1  -1	 85035472832233 nsecs RQ    2    1
   1   1   1   2   0  -1  -1  -1   0  -1  -1  -1  -1  -1  -1  -1  -1  -1  -1  -1  -1  -1  -1  -1  -1  -1  -1   0   0   0  -1  -1  -1  -1  -1  -1  -1  -1  -1  -1  -1  -1  -1  -1  -1  -1  -1  -1  -1  -1  -1  -1  -1  -1  -1  -1  -1  -1  -1  -1  -1  -1  -1  -1	 85035472834452 nsecs RQ    3    2
   1   1   1   2   1  -1  -1  -1   0  -1  -1  -1  -1  -1  -1  -1  -1  -1  -1  -1  -1  -1  -1  -1  -1  -1  -1   0   0   0  -1  -1  -1  -1  -1  -1  -1  -1  -1  -1  -1  -1  -1  -1  -1  -1  -1  -1  -1  -1  -1  -1  -1  -1  -1  -1  -1  -1  -1  -1  -1  -1  -1  -1	 85035472836417 nsecs RQ    4    1
   1   1   1   2   1   1  -1  -1   0  -1  -1  -1  -1  -1  -1  -1  -1  -1  -1  -1  -1  -1  -1  -1  -1  -1  -1   0   0   0  -1  -1  -1  -1  -1  -1  -1  -1  -1  -1  -1  -1  -1  -1  -1  -1  -1  -1  -1  -1  -1  -1  -1  -1  -1  -1  -1  -1  -1  -1  -1  -1  -1  -1	 85035472837908 nsecs RQ    5    1
   1   1   1   2   1   1   1  -1   0  -1  -1  -1  -1  -1  -1  -1  -1  -1  -1  -1  -1  -1  -1  -1  -1  -1  -1   0   0   0  -1  -1  -1  -1  -1  -1  -1  -1  -1  -1  -1  -1  -1  -1  -1  -1  -1  -1  -1  -1  -1  -1  -1  -1  -1  -1  -1  -1  -1  -1  -1  -1  -1  -1	 85035472839370 nsecs RQ    6    1
   1   1   1   2   1   1   1   1   0  -1  -1  -1  -1  -1  -1  -1  -1  -1  -1  -1  -1  -1  -1  -1  -1  -1  -1   0   0   0  -1  -1  -1  -1  -1  -1  -1  -1  -1  -1  -1  -1  -1  -1  -1  -1  -1  -1  -1  -1  -1  -1  -1  -1  -1  -1  -1  -1  -1  -1  -1  -1  -1  -1	 85035472840988 nsecs RQ    7    1
   1   1   1   2   1   1   1   1   1  -1  -1  -1  -1  -1  -1  -1  -1  -1  -1  -1  -1  -1  -1  -1  -1  -1  -1   0   0   0  -1  -1  -1  -1  -1  -1  -1  -1  -1  -1  -1  -1  -1  -1  -1  -1  -1  -1  -1  -1  -1  -1  -1  -1  -1  -1  -1  -1  -1  -1  -1  -1  -1  -1	 85035472842588 nsecs RQ    8    1
   1   1   1   2   1   1   1   1   1   1  -1  -1  -1  -1  -1  -1  -1  -1  -1  -1  -1  -1  -1  -1  -1  -1  -1   0   0   0  -1  -1  -1  -1  -1  -1  -1  -1  -1  -1  -1  -1  -1  -1  -1  -1  -1  -1  -1  -1  -1  -1  -1  -1  -1  -1  -1  -1  -1  -1  -1  -1  -1  -1	 85035472844075 nsecs RQ    9    1
   1   1   1   2   1   1   1   1   1   1  -1  -1  -1  -1  -1  -1  -1  -1  -1  -1   1  -1  -1  -1  -1  -1  -1   0   0   0  -1  -1  -1  -1  -1  -1  -1  -1  -1  -1  -1  -1  -1  -1  -1  -1  -1  -1  -1  -1  -1  -1  -1  -1  -1  -1  -1  -1  -1  -1  -1  -1  -1  -1	 85035472845566 nsecs RQ   20    1
   1   1   1   2   1   1   1   1   1   1  -1  -1  -1  -1  -1  -1  -1  -1  -1  -1   1   1  -1  -1  -1  -1  -1   0   0   0  -1  -1  -1  -1  -1  -1  -1  -1  -1  -1  -1  -1  -1  -1  -1  -1  -1  -1  -1  -1  -1  -1  -1  -1  -1  -1  -1  -1  -1  -1  -1  -1  -1  -1	 85035472847059 nsecs RQ   21    1
   1   1   1   2   1   1   1   1   1   1  -1  -1  -1  -1  -1  -1  -1  -1  -1  -1   1   1   1  -1  -1  -1  -1   0   0   0  -1  -1  -1  -1  -1  -1  -1  -1  -1  -1  -1  -1  -1  -1  -1  -1  -1  -1  -1  -1  -1  -1  -1  -1  -1  -1  -1  -1  -1  -1  -1  -1  -1  -1	 85035472848632 nsecs RQ   22    1
   1   1   1   2   1   1   1   1   1   1  -1  -1  -1  -1  -1  -1  -1  -1  -1  -1   1   1   1   1  -1  -1  -1   0   0   0  -1  -1  -1  -1  -1  -1  -1  -1  -1  -1  -1  -1  -1  -1  -1  -1  -1  -1  -1  -1  -1  -1  -1  -1  -1  -1  -1  -1  -1  -1  -1  -1  -1  -1	 85035472850060 nsecs RQ   23    1
   1   1   1   2   1   1   1   1   1   1  -1  -1  -1  -1  -1  -1  -1  -1  -1  -1   1   1   1   1   1  -1  -1   0   0   0  -1  -1  -1  -1  -1  -1  -1  -1  -1  -1  -1  -1  -1  -1  -1  -1  -1  -1  -1  -1  -1  -1  -1  -1  -1  -1  -1  -1  -1  -1  -1  -1  -1  -1	 85035472852396 nsecs RQ   24    1
   1   1   1   2   1   1   1   1   1   1  -1  -1  -1  -1  -1  -1  -1  -1  -1  -1   1   1   1   1   1   1  -1   0   0   0  -1  -1  -1  -1  -1  -1  -1  -1  -1  -1  -1  -1  -1  -1  -1  -1  -1  -1  -1  -1  -1  -1  -1  -1  -1  -1  -1  -1  -1  -1  -1  -1  -1  -1	 85035472854419 nsecs RQ   25    1
   1   1   1   2   1   1   1   1   1   1  -1  -1  -1  -1  -1  -1  -1  -1  -1  -1   1   1   1   1   1   1   1   0   0   0  -1  -1  -1  -1  -1  -1  -1  -1  -1  -1  -1  -1  -1  -1  -1  -1  -1  -1  -1  -1  -1  -1  -1  -1  -1  -1  -1  -1  -1  -1  -1  -1  -1  -1	 85035472856361 nsecs RQ   26    1
   1   1   1   2   1   1   1   1   1   1  -1  -1  -1  -1  -1  -1  -1  -1  -1  -1   1   1   1   1   1   1   1   1   0   0  -1  -1  -1  -1  -1  -1  -1  -1  -1  -1  -1  -1  -1  -1  -1  -1  -1  -1  -1  -1  -1  -1  -1  -1  -1  -1  -1  -1  -1  -1  -1  -1  -1  -1	 85035472858285 nsecs RQ   27    1
   1   1   1   2   1   1   1   1   1   1  -1  -1  -1  -1  -1  -1  -1  -1  -1  -1   1   1   1   1   1   1   1   1   1   0  -1  -1  -1  -1  -1  -1  -1  -1  -1  -1  -1  -1  -1  -1  -1  -1  -1  -1  -1  -1  -1  -1  -1  -1  -1  -1  -1  -1  -1  -1  -1  -1  -1  -1	 85035472860120 nsecs RQ   28    1
   1   1   1   2   1   1   1   1   1   1  -1  -1  -1  -1  -1  -1  -1  -1  -1  -1   1   1   1   1   1   1   1   1   1   1  -1  -1  -1  -1  -1  -1  -1  -1  -1  -1  -1  -1  -1  -1  -1  -1  -1  -1  -1  -1  -1  -1  -1  -1  -1  -1  -1  -1  -1  -1  -1  -1  -1  -1	 85035472862118 nsecs RQ   29    1
   1   1   1   1   1   1   1   1   1   1  -1  -1  -1  -1  -1  -1  -1  -1  -1  -1   1   1   1   1   1   1   1   1   1   1  -1  -1  -1  -1  -1  -1  -1  -1  -1  -1  -1  -1  -1  -1  -1  -1  -1  -1  -1  -1  -1  -1  -1  -1  -1  -1  -1  -1  -1  -1  -1  -1  -1  -1	 85035474665584 nsecs RQ    3    1
   1   1   1   2   1   1   1   1   1   1  -1  -1  -1  -1  -1  -1  -1  -1  -1  -1   1   1   1   1   1   1   1   1   1   1  -1  -1  -1  -1  -1  -1  -1  -1  -1  -1  -1  -1  -1  -1  -1  -1  -1  -1  -1  -1  -1  -1  -1  -1  -1  -1  -1  -1  -1  -1  -1  -1  -1  -1	 85035474670548 nsecs RQ    3    2
   1   1   2   2   1   1   1   1   1   1  -1  -1  -1  -1  -1  -1  -1  -1  -1  -1   1   1   1   1   1   1   1   1   1   1  -1  -1  -1  -1  -1  -1  -1  -1  -1  -1  -1  -1  -1  -1  -1  -1  -1  -1  -1  -1  -1  -1  -1  -1  -1  -1  -1  -1  -1  -1  -1  -1  -1  -1	 85035474690635 nsecs RQ    2    2
   1   1   2   1   1   1   1   1   1   1  -1  -1  -1  -1  -1  -1  -1  -1  -1  -1   1   1   1   1   1   1   1   1   1   1  -1  -1  -1  -1  -1  -1  -1  -1  -1  -1  -1  -1  -1  -1  -1  -1  -1  -1  -1  -1  -1  -1  -1  -1  -1  -1  -1  -1  -1  -1  -1  -1  -1  -1	 85035474696877 nsecs RQ    3    1
   1   1   2   2   1   1   1   1   1   1  -1  -1  -1  -1  -1  -1  -1  -1  -1  -1   1   1   1   1   1   1   1   1   1   1  -1  -1  -1  -1  -1  -1  -1  -1  -1  -1  -1  -1  -1  -1  -1  -1  -1  -1  -1  -1  -1  -1  -1  -1  -1  -1  -1  -1  -1  -1  -1  -1  -1  -1	 85035474712544 nsecs RQ    3    2
   1   1   2   1   1   1   1   1   1   1  -1  -1  -1  -1  -1  -1  -1  -1  -1  -1   1   1   1   1   1   1   1   1   1   1  -1  -1  -1  -1  -1  -1  -1  -1  -1  -1  -1  -1  -1  -1  -1  -1  -1  -1  -1  -1  -1  -1  -1  -1  -1  -1  -1  -1  -1  -1  -1  -1  -1  -1	 85035474731789 nsecs RQ    3    1
   1   1   1   1   1   1   1   1   1   1  -1  -1  -1  -1  -1  -1  -1  -1  -1  -1   1   1   1   1   1   1   1   1   1   1  -1  -1  -1  -1  -1  -1  -1  -1  -1  -1  -1  -1  -1  -1  -1  -1  -1  -1  -1  -1  -1  -1  -1  -1  -1  -1  -1  -1  -1  -1  -1  -1  -1  -1	 85035474752324 nsecs RQ    2    1
   1   1   2   1   1   1   1   1   1   1  -1  -1  -1  -1  -1  -1  -1  -1  -1  -1   1   1   1   1   1   1   1   1   1   1  -1  -1  -1  -1  -1  -1  -1  -1  -1  -1  -1  -1  -1  -1  -1  -1  -1  -1  -1  -1  -1  -1  -1  -1  -1  -1  -1  -1  -1  -1  -1  -1  -1  -1	 85035476024212 nsecs RQ    2    2
   1   1   1   1   1   1   1   1   1   1  -1  -1  -1  -1  -1  -1  -1  -1  -1  -1   1   1   1   1   1   1   1   1   1   1  -1  -1  -1  -1  -1  -1  -1  -1  -1  -1  -1  -1  -1  -1  -1  -1  -1  -1  -1  -1  -1  -1  -1  -1  -1  -1  -1  -1  -1  -1  -1  -1  -1  -1	 85035476047315 nsecs RQ    2    1
   1   1   2   1   1   1   1   1   1   1  -1  -1  -1  -1  -1  -1  -1  -1  -1  -1   1   1   1   1   1   1   1   1   1   1  -1  -1  -1  -1  -1  -1  -1  -1  -1  -1  -1  -1  -1  -1  -1  -1  -1  -1  -1  -1  -1  -1  -1  -1  -1  -1  -1  -1  -1  -1  -1  -1  -1  -1	 85035484013033 nsecs RQ    2    2
   1   1   1   1   1   1   1   1   1   1  -1  -1  -1  -1  -1  -1  -1  -1  -1  -1   1   1   1   1   1   1   1   1   1   1  -1  -1  -1  -1  -1  -1  -1  -1  -1  -1  -1  -1  -1  -1  -1  -1  -1  -1  -1  -1  -1  -1  -1  -1  -1  -1  -1  -1  -1  -1  -1  -1  -1  -1	 85035484025794 nsecs RQ    2    1
   1   1   2   1   1   1   1   1   1   1  -1  -1  -1  -1  -1  -1  -1  -1  -1  -1   1   1   1   1   1   1   1   1   1   1  -1  -1  -1  -1  -1  -1  -1  -1  -1  -1  -1  -1  -1  -1  -1  -1  -1  -1  -1  -1  -1  -1  -1  -1  -1  -1  -1  -1  -1  -1  -1  -1  -1  -1	 85035492007447 nsecs RQ    2    2
   1   1   1   1   1   1   1   1   1   1  -1  -1  -1  -1  -1  -1  -1  -1  -1  -1   1   1   1   1   1   1   1   1   1   1  -1  -1  -1  -1  -1  -1  -1  -1  -1  -1  -1  -1  -1  -1  -1  -1  -1  -1  -1  -1  -1  -1  -1  -1  -1  -1  -1  -1  -1  -1  -1  -1  -1  -1	 85035492013187 nsecs RQ    2    1
   1   1   1   1   2   1   1   1   1   1  -1  -1  -1  -1  -1  -1  -1  -1  -1  -1   1   1   1   1   1   1   1   1   1   1  -1  -1  -1  -1  -1  -1  -1  -1  -1  -1  -1  -1  -1  -1  -1  -1  -1  -1  -1  -1  -1  -1  -1  -1  -1  -1  -1  -1  -1  -1  -1  -1  -1  -1	 85035493595070 nsecs RQ    4    2
   1   1   1   1   1   1   1   1   1   1  -1  -1  -1  -1  -1  -1  -1  -1  -1  -1   1   1   1   1   1   1   1   1   1   1  -1  -1  -1  -1  -1  -1  -1  -1  -1  -1  -1  -1  -1  -1  -1  -1  -1  -1  -1  -1  -1  -1  -1  -1  -1  -1  -1  -1  -1  -1  -1  -1  -1  -1	 85035493652817 nsecs RQ    4    1
   1   1   2   1   1   1   1   1   1   1  -1  -1  -1  -1  -1  -1  -1  -1  -1  -1   1   1   1   1   1   1   1   1   1   1  -1  -1  -1  -1  -1  -1  -1  -1  -1  -1  -1  -1  -1  -1  -1  -1  -1  -1  -1  -1  -1  -1  -1  -1  -1  -1  -1  -1  -1  -1  -1  -1  -1  -1	 85035500007620 nsecs RQ    2    2
   1   1   1   1   1   1   1   1   1   1  -1  -1  -1  -1  -1  -1  -1  -1  -1  -1   1   1   1   1   1   1   1   1   1   1  -1  -1  -1  -1  -1  -1  -1  -1  -1  -1  -1  -1  -1  -1  -1  -1  -1  -1  -1  -1  -1  -1  -1  -1  -1  -1  -1  -1  -1  -1  -1  -1  -1  -1	 85035500014413 nsecs RQ    2    1
   1   1   1   1   1   1   1   1   2   1  -1  -1  -1  -1  -1  -1  -1  -1  -1  -1   1   1   1   1   1   1   1   1   1   1  -1  -1  -1  -1  -1  -1  -1  -1  -1  -1  -1  -1  -1  -1  -1  -1  -1  -1  -1  -1  -1  -1  -1  -1  -1  -1  -1  -1  -1  -1  -1  -1  -1  -1	 85035504022628 nsecs RQ    8    2
   1   1   1   1   1   1   1   1   1   1  -1  -1  -1  -1  -1  -1  -1  -1  -1  -1   1   1   1   1   1   1   1   1   1   1  -1  -1  -1  -1  -1  -1  -1  -1  -1  -1  -1  -1  -1  -1  -1  -1  -1  -1  -1  -1  -1  -1  -1  -1  -1  -1  -1  -1  -1  -1  -1  -1  -1  -1	 85035504031993 nsecs RQ    8    1
   1   1   2   1   1   1   1   1   1   1  -1  -1  -1  -1  -1  -1  -1  -1  -1  -1   1   1   1   1   1   1   1   1   1   1  -1  -1  -1  -1  -1  -1  -1  -1  -1  -1  -1  -1  -1  -1  -1  -1  -1  -1  -1  -1  -1  -1  -1  -1  -1  -1  -1  -1  -1  -1  -1  -1  -1  -1	 85035508005027 nsecs RQ    2    2
   1   1   1   1   1   1   1   1   1   1  -1  -1  -1  -1  -1  -1  -1  -1  -1  -1   1   1   1   1   1   1   1   1   1   1  -1  -1  -1  -1  -1  -1  -1  -1  -1  -1  -1  -1  -1  -1  -1  -1  -1  -1  -1  -1  -1  -1  -1  -1  -1  -1  -1  -1  -1  -1  -1  -1  -1  -1	 85035508010911 nsecs RQ    2    1
   1   1   2   1   1   1   1   1   1   1  -1  -1  -1  -1  -1  -1  -1  -1  -1  -1   1   1   1   1   1   1   1   1   1   1  -1  -1  -1  -1  -1  -1  -1  -1  -1  -1  -1  -1  -1  -1  -1  -1  -1  -1  -1  -1  -1  -1  -1  -1  -1  -1  -1  -1  -1  -1  -1  -1  -1  -1	 85035516004496 nsecs RQ    2    2
   2   1   2   1   1   1   1   1   1   1  -1  -1  -1  -1  -1  -1  -1  -1  -1  -1   1   1   1   1   1   1   1   1   1   1  -1  -1  -1  -1  -1  -1  -1  -1  -1  -1  -1  -1  -1  -1  -1  -1  -1  -1  -1  -1  -1  -1  -1  -1  -1  -1  -1  -1  -1  -1  -1  -1  -1  -1	 85035516007643 nsecs RQ    0    2
   2   1   1   1   1   1   1   1   1   1  -1  -1  -1  -1  -1  -1  -1  -1  -1  -1   1   1   1   1   1   1   1   1   1   1  -1  -1  -1  -1  -1  -1  -1  -1  -1  -1  -1  -1  -1  -1  -1  -1  -1  -1  -1  -1  -1  -1  -1  -1  -1  -1  -1  -1  -1  -1  -1  -1  -1  -1	 85035516009190 nsecs RQ    2    1
   1   1   1   1   1   1   1   1   1   1  -1  -1  -1  -1  -1  -1  -1  -1  -1  -1   1   1   1   1   1   1   1   1   1   1  -1  -1  -1  -1  -1  -1  -1  -1  -1  -1  -1  -1  -1  -1  -1  -1  -1  -1  -1  -1  -1  -1  -1  -1  -1  -1  -1  -1  -1  -1  -1  -1  -1  -1	 85035516024672 nsecs RQ    0    1
   1   1   2   1   1   1   1   1   1   1  -1  -1  -1  -1  -1  -1  -1  -1  -1  -1   1   1   1   1   1   1   1   1   1   1  -1  -1  -1  -1  -1  -1  -1  -1  -1  -1  -1  -1  -1  -1  -1  -1  -1  -1  -1  -1  -1  -1  -1  -1  -1  -1  -1  -1  -1  -1  -1  -1  -1  -1	 85035524005235 nsecs RQ    2    2
   1   1   1   1   1   1   1   1   1   1  -1  -1  -1  -1  -1  -1  -1  -1  -1  -1   1   1   1   1   1   1   1   1   1   1  -1  -1  -1  -1  -1  -1  -1  -1  -1  -1  -1  -1  -1  -1  -1  -1  -1  -1  -1  -1  -1  -1  -1  -1  -1  -1  -1  -1  -1  -1  -1  -1  -1  -1	 85035524008227 nsecs RQ    2    1
   1   2   1   1   1   1   1   1   1   1  -1  -1  -1  -1  -1  -1  -1  -1  -1  -1   1   1   1   1   1   1   1   1   1   1  -1  -1  -1  -1  -1  -1  -1  -1  -1  -1  -1  -1  -1  -1  -1  -1  -1  -1  -1  -1  -1  -1  -1  -1  -1  -1  -1  -1  -1  -1  -1  -1  -1  -1	 85035528007366 nsecs RQ    1    2
   1   2   1   1   2   1   1   1   1   1  -1  -1  -1  -1  -1  -1  -1  -1  -1  -1   1   1   1   1   1   1   1   1   1   1  -1  -1  -1  -1  -1  -1  -1  -1  -1  -1  -1  -1  -1  -1  -1  -1  -1  -1  -1  -1  -1  -1  -1  -1  -1  -1  -1  -1  -1  -1  -1  -1  -1  -1	 85035528007536 nsecs RQ    4    2
   1   2   1   1   1   1   1   1   1   1  -1  -1  -1  -1  -1  -1  -1  -1  -1  -1   1   1   1   1   1   1   1   1   1   1  -1  -1  -1  -1  -1  -1  -1  -1  -1  -1  -1  -1  -1  -1  -1  -1  -1  -1  -1  -1  -1  -1  -1  -1  -1  -1  -1  -1  -1  -1  -1  -1  -1  -1	 85035528014445 nsecs RQ    4    1
   1   1   1   1   1   1   1   1   1   1  -1  -1  -1  -1  -1  -1  -1  -1  -1  -1   1   1   1   1   1   1   1   1   1   1  -1  -1  -1  -1  -1  -1  -1  -1  -1  -1  -1  -1  -1  -1  -1  -1  -1  -1  -1  -1  -1  -1  -1  -1  -1  -1  -1  -1  -1  -1  -1  -1  -1  -1	 85035528025293 nsecs RQ    1    1
   1   1   1   1   1   1   1   1   1   1  -1  -1  -1  -1  -1  -1  -1  -1  -1  -1   1   1   1   1   1   1   1   2   1   1  -1  -1  -1  -1  -1  -1  -1  -1  -1  -1  -1  -1  -1  -1  -1  -1  -1  -1  -1  -1  -1  -1  -1  -1  -1  -1  -1  -1  -1  -1  -1  -1  -1  -1	 85035528034177 nsecs RQ   27    2
   1   1   1   1   1   1   1   1   1   1  -1  -1  -1  -1  -1  -1  -1  -1  -1  -1   1   1   1   1   1   1   1   1   1   1  -1  -1  -1  -1  -1  -1  -1  -1  -1  -1  -1  -1  -1  -1  -1  -1  -1  -1  -1  -1  -1  -1  -1  -1  -1  -1  -1  -1  -1  -1  -1  -1  -1  -1	 85035528097955 nsecs RQ   27    1
   1   1   1   1   1   1   1   1   1   1  -1  -1  -1  -1  -1  -1  -1  -1  -1  -1   1   1   1   1   1   1   2   1   1   1  -1  -1  -1  -1  -1  -1  -1  -1  -1  -1  -1  -1  -1  -1  -1  -1  -1  -1  -1  -1  -1  -1  -1  -1  -1  -1  -1  -1  -1  -1  -1  -1  -1  -1	 85035530087622 nsecs RQ   26    2
   1   1   1   1   1   1   1   1   1   1  -1  -1  -1  -1  -1  -1  -1  -1  -1  -1   1   1   1   1   1   1   1   1   1   1  -1  -1  -1  -1  -1  -1  -1  -1  -1  -1  -1  -1  -1  -1  -1  -1  -1  -1  -1  -1  -1  -1  -1  -1  -1  -1  -1  -1  -1  -1  -1  -1  -1  -1	 85035530099414 nsecs RQ   26    1
   1   1   1   1   2   1   1   1   1   1  -1  -1  -1  -1  -1  -1  -1  -1  -1  -1   1   1   1   1   1   1   1   1   1   1  -1  -1  -1  -1  -1  -1  -1  -1  -1  -1  -1  -1  -1  -1  -1  -1  -1  -1  -1  -1  -1  -1  -1  -1  -1  -1  -1  -1  -1  -1  -1  -1  -1  -1	 85035536004397 nsecs RQ    4    2
   1   1   1   1   1   1   1   1   1   1  -1  -1  -1  -1  -1  -1  -1  -1  -1  -1   1   1   1   1   1   1   1   1   1   1  -1  -1  -1  -1  -1  -1  -1  -1  -1  -1  -1  -1  -1  -1  -1  -1  -1  -1  -1  -1  -1  -1  -1  -1  -1  -1  -1  -1  -1  -1  -1  -1  -1  -1	 85035536009639 nsecs RQ    4    1
   1   2   1   1   1   1   1   1   1   1  -1  -1  -1  -1  -1  -1  -1  -1  -1  -1   1   1   1   1   1   1   1   1   1   1  -1  -1  -1  -1  -1  -1  -1  -1  -1  -1  -1  -1  -1  -1  -1  -1  -1  -1  -1  -1  -1  -1  -1  -1  -1  -1  -1  -1  -1  -1  -1  -1  -1  -1	 85035543332255 nsecs RQ    1    2
   1   1   1   1   1   1   1   1   1   1  -1  -1  -1  -1  -1  -1  -1  -1  -1  -1   1   1   1   1   1   1   1   1   1   1  -1  -1  -1  -1  -1  -1  -1  -1  -1  -1  -1  -1  -1  -1  -1  -1  -1  -1  -1  -1  -1  -1  -1  -1  -1  -1  -1  -1  -1  -1  -1  -1  -1  -1	 85035543363395 nsecs RQ    1    1
   1   1   1   1   2   1   1   1   1   1  -1  -1  -1  -1  -1  -1  -1  -1  -1  -1   1   1   1   1   1   1   1   1   1   1  -1  -1  -1  -1  -1  -1  -1  -1  -1  -1  -1  -1  -1  -1  -1  -1  -1  -1  -1  -1  -1  -1  -1  -1  -1  -1  -1  -1  -1  -1  -1  -1  -1  -1	 85035544004558 nsecs RQ    4    2
   1   1   1   1   1   1   1   1   1   1  -1  -1  -1  -1  -1  -1  -1  -1  -1  -1   1   1   1   1   1   1   1   1   1   1  -1  -1  -1  -1  -1  -1  -1  -1  -1  -1  -1  -1  -1  -1  -1  -1  -1  -1  -1  -1  -1  -1  -1  -1  -1  -1  -1  -1  -1  -1  -1  -1  -1  -1	 85035544008788 nsecs RQ    4    1
   1   1   1   1   1   1   1   1   1   1  -1  -1  -1  -1  -1  -1  -1  -1  -1  -1   1   1   1   1   2   1   1   1   1   1  -1  -1  -1  -1  -1  -1  -1  -1  -1  -1  -1  -1  -1  -1  -1  -1  -1  -1  -1  -1  -1  -1  -1  -1  -1  -1  -1  -1  -1  -1  -1  -1  -1  -1	 85035548004816 nsecs RQ   24    2
   1   1   1   1   1   1   1   1   1   1  -1  -1  -1  -1  -1  -1  -1  -1  -1  -1   1   1   1   1   1   1   1   1   1   1  -1  -1  -1  -1  -1  -1  -1  -1  -1  -1  -1  -1  -1  -1  -1  -1  -1  -1  -1  -1  -1  -1  -1  -1  -1  -1  -1  -1  -1  -1  -1  -1  -1  -1	 85035548012473 nsecs RQ   24    1
   1   1   1   1   1   1   1   1   2   1  -1  -1  -1  -1  -1  -1  -1  -1  -1  -1   1   1   1   1   1   1   1   1   1   1  -1  -1  -1  -1  -1  -1  -1  -1  -1  -1  -1  -1  -1  -1  -1  -1  -1  -1  -1  -1  -1  -1  -1  -1  -1  -1  -1  -1  -1  -1  -1  -1  -1  -1	 85035552007144 nsecs RQ    8    2
   1   1   1   1   1   1   1   1   1   1  -1  -1  -1  -1  -1  -1  -1  -1  -1  -1   1   1   1   1   1   1   1   1   1   1  -1  -1  -1  -1  -1  -1  -1  -1  -1  -1  -1  -1  -1  -1  -1  -1  -1  -1  -1  -1  -1  -1  -1  -1  -1  -1  -1  -1  -1  -1  -1  -1  -1  -1	 85035552011198 nsecs RQ    8    1
   1   1   1   1   1   1   1   1   1   1  -1  -1  -1  -1  -1  -1  -1  -1  -1  -1   1   1   1   1   1   2   1   1   1   1  -1  -1  -1  -1  -1  -1  -1  -1  -1  -1  -1  -1  -1  -1  -1  -1  -1  -1  -1  -1  -1  -1  -1  -1  -1  -1  -1  -1  -1  -1  -1  -1  -1  -1	 85035552206778 nsecs RQ   25    2
   1   1   1   1   1   1   1   1   1   1  -1  -1  -1  -1  -1  -1  -1  -1  -1  -1   1   1   1   1   1   1   1   1   1   1  -1  -1  -1  -1  -1  -1  -1  -1  -1  -1  -1  -1  -1  -1  -1  -1  -1  -1  -1  -1  -1  -1  -1  -1  -1  -1  -1  -1  -1  -1  -1  -1  -1  -1	 85035552219728 nsecs RQ   25    1
   1   1   2   1   1   1   1   1   1   1  -1  -1  -1  -1  -1  -1  -1  -1  -1  -1   1   1   1   1   1   1   1   1   1   1  -1  -1  -1  -1  -1  -1  -1  -1  -1  -1  -1  -1  -1  -1  -1  -1  -1  -1  -1  -1  -1  -1  -1  -1  -1  -1  -1  -1  -1  -1  -1  -1  -1  -1	 85035556006202 nsecs RQ    2    2
   1   1   1   1   1   1   1   1   1   1  -1  -1  -1  -1  -1  -1  -1  -1  -1  -1   1   1   1   1   1   1   1   1   1   1  -1  -1  -1  -1  -1  -1  -1  -1  -1  -1  -1  -1  -1  -1  -1  -1  -1  -1  -1  -1  -1  -1  -1  -1  -1  -1  -1  -1  -1  -1  -1  -1  -1  -1	 85035556014170 nsecs RQ    2    1
   1   1   1   1   1   1   1   1   1   1  -1  -1  -1  -1  -1  -1  -1  -1  -1  -1   1   1   1   1   1   2   1   1   1   1  -1  -1  -1  -1  -1  -1  -1  -1  -1  -1  -1  -1  -1  -1  -1  -1  -1  -1  -1  -1  -1  -1  -1  -1  -1  -1  -1  -1  -1  -1  -1  -1  -1  -1	 85035562177294 nsecs RQ   25    2
   1   1   1   1   1   1   1   1   1   1  -1  -1  -1  -1  -1  -1  -1  -1  -1  -1   1   1   1   1   1   1   1   1   1   1  -1  -1  -1  -1  -1  -1  -1  -1  -1  -1  -1  -1  -1  -1  -1  -1  -1  -1  -1  -1  -1  -1  -1  -1  -1  -1  -1  -1  -1  -1  -1  -1  -1  -1	 85035562186848 nsecs RQ   25    1
   1   1   2   1   1   1   1   1   1   1  -1  -1  -1  -1  -1  -1  -1  -1  -1  -1   1   1   1   1   1   1   1   1   1   1  -1  -1  -1  -1  -1  -1  -1  -1  -1  -1  -1  -1  -1  -1  -1  -1  -1  -1  -1  -1  -1  -1  -1  -1  -1  -1  -1  -1  -1  -1  -1  -1  -1  -1	 85035568004054 nsecs RQ    2    2
   1   1   1   1   1   1   1   1   1   1  -1  -1  -1  -1  -1  -1  -1  -1  -1  -1   1   1   1   1   1   1   1   1   1   1  -1  -1  -1  -1  -1  -1  -1  -1  -1  -1  -1  -1  -1  -1  -1  -1  -1  -1  -1  -1  -1  -1  -1  -1  -1  -1  -1  -1  -1  -1  -1  -1  -1  -1	 85035568008553 nsecs RQ    2    1
   1   1   2   1   1   1   1   1   1   1  -1  -1  -1  -1  -1  -1  -1  -1  -1  -1   1   1   1   1   1   1   1   1   1   1  -1  -1  -1  -1  -1  -1  -1  -1  -1  -1  -1  -1  -1  -1  -1  -1  -1  -1  -1  -1  -1  -1  -1  -1  -1  -1  -1  -1  -1  -1  -1  -1  -1  -1	 85035576003896 nsecs RQ    2    2
   1   1   1   1   1   1   1   1   1   1  -1  -1  -1  -1  -1  -1  -1  -1  -1  -1   1   1   1   1   1   1   1   1   1   1  -1  -1  -1  -1  -1  -1  -1  -1  -1  -1  -1  -1  -1  -1  -1  -1  -1  -1  -1  -1  -1  -1  -1  -1  -1  -1  -1  -1  -1  -1  -1  -1  -1  -1	 85035576007595 nsecs RQ    2    1
   1   2   1   1   1   1   1   1   1   1  -1  -1  -1  -1  -1  -1  -1  -1  -1  -1   1   1   1   1   1   1   1   1   1   1  -1  -1  -1  -1  -1  -1  -1  -1  -1  -1  -1  -1  -1  -1  -1  -1  -1  -1  -1  -1  -1  -1  -1  -1  -1  -1  -1  -1  -1  -1  -1  -1  -1  -1	 85035584006410 nsecs RQ    1    2
   1   1   1   1   1   1   1   1   1   1  -1  -1  -1  -1  -1  -1  -1  -1  -1  -1   1   1   1   1   1   1   1   1   1   1  -1  -1  -1  -1  -1  -1  -1  -1  -1  -1  -1  -1  -1  -1  -1  -1  -1  -1  -1  -1  -1  -1  -1  -1  -1  -1  -1  -1  -1  -1  -1  -1  -1  -1	 85035584237900 nsecs RQ    1    1
   1   1   2   1   1   1   1   1   1   1  -1  -1  -1  -1  -1  -1  -1  -1  -1  -1   1   1   1   1   1   1   1   1   1   1  -1  -1  -1  -1  -1  -1  -1  -1  -1  -1  -1  -1  -1  -1  -1  -1  -1  -1  -1  -1  -1  -1  -1  -1  -1  -1  -1  -1  -1  -1  -1  -1  -1  -1	 85035588003925 nsecs RQ    2    2
   1   1   1   1   1   1   1   1   1   1  -1  -1  -1  -1  -1  -1  -1  -1  -1  -1   1   1   1   1   1   1   1   1   1   1  -1  -1  -1  -1  -1  -1  -1  -1  -1  -1  -1  -1  -1  -1  -1  -1  -1  -1  -1  -1  -1  -1  -1  -1  -1  -1  -1  -1  -1  -1  -1  -1  -1  -1	 85035588006707 nsecs RQ    2    1
   1   2   1   1   1   1   1   1   1   1  -1  -1  -1  -1  -1  -1  -1  -1  -1  -1   1   1   1   1   1   1   1   1   1   1  -1  -1  -1  -1  -1  -1  -1  -1  -1  -1  -1  -1  -1  -1  -1  -1  -1  -1  -1  -1  -1  -1  -1  -1  -1  -1  -1  -1  -1  -1  -1  -1  -1  -1	 85035624004310 nsecs RQ    1    2
   1   1   1   1   1   1   1   1   1   1  -1  -1  -1  -1  -1  -1  -1  -1  -1  -1   1   1   1   1   1   1   1   1   1   1  -1  -1  -1  -1  -1  -1  -1  -1  -1  -1  -1  -1  -1  -1  -1  -1  -1  -1  -1  -1  -1  -1  -1  -1  -1  -1  -1  -1  -1  -1  -1  -1  -1  -1	 85035624014645 nsecs RQ    1    1
   1   1   2   1   1   1   1   1   1   1  -1  -1  -1  -1  -1  -1  -1  -1  -1  -1   1   1   1   1   1   1   1   1   1   1  -1  -1  -1  -1  -1  -1  -1  -1  -1  -1  -1  -1  -1  -1  -1  -1  -1  -1  -1  -1  -1  -1  -1  -1  -1  -1  -1  -1  -1  -1  -1  -1  -1  -1	 85035641067600 nsecs RQ    2    2
   1   1   1   1   1   1   1   1   1   1  -1  -1  -1  -1  -1  -1  -1  -1  -1  -1   1   1   1   1   1   1   1   1   1   1  -1  -1  -1  -1  -1  -1  -1  -1  -1  -1  -1  -1  -1  -1  -1  -1  -1  -1  -1  -1  -1  -1  -1  -1  -1  -1  -1  -1  -1  -1  -1  -1  -1  -1	 85035641130487 nsecs RQ    2    1
   1   2   1   1   1   1   1   1   1   1  -1  -1  -1  -1  -1  -1  -1  -1  -1  -1   1   1   1   1   1   1   1   1   1   1  -1  -1  -1  -1  -1  -1  -1  -1  -1  -1  -1  -1  -1  -1  -1  -1  -1  -1  -1  -1  -1  -1  -1  -1  -1  -1  -1  -1  -1  -1  -1  -1  -1  -1	 85035643463809 nsecs RQ    1    2
   1   1   1   1   1   1   1   1   1   1  -1  -1  -1  -1  -1  -1  -1  -1  -1  -1   1   1   1   1   1   1   1   1   1   1  -1  -1  -1  -1  -1  -1  -1  -1  -1  -1  -1  -1  -1  -1  -1  -1  -1  -1  -1  -1  -1  -1  -1  -1  -1  -1  -1  -1  -1  -1  -1  -1  -1  -1	 85035643479616 nsecs RQ    1    1
   1   1   2   1   1   1   1   1   1   1  -1  -1  -1  -1  -1  -1  -1  -1  -1  -1   1   1   1   1   1   1   1   1   1   1  -1  -1  -1  -1  -1  -1  -1  -1  -1  -1  -1  -1  -1  -1  -1  -1  -1  -1  -1  -1  -1  -1  -1  -1  -1  -1  -1  -1  -1  -1  -1  -1  -1  -1	 85035644005267 nsecs RQ    2    2
   1   1   1   1   1   1   1   1   1   1  -1  -1  -1  -1  -1  -1  -1  -1  -1  -1   1   1   1   1   1   1   1   1   1   1  -1  -1  -1  -1  -1  -1  -1  -1  -1  -1  -1  -1  -1  -1  -1  -1  -1  -1  -1  -1  -1  -1  -1  -1  -1  -1  -1  -1  -1  -1  -1  -1  -1  -1	 85035644008770 nsecs RQ    2    1
   1   1   2   1   1   1   1   1   1   1  -1  -1  -1  -1  -1  -1  -1  -1  -1  -1   1   1   1   1   1   1   1   1   1   1  -1  -1  -1  -1  -1  -1  -1  -1  -1  -1  -1  -1  -1  -1  -1  -1  -1  -1  -1  -1  -1  -1  -1  -1  -1  -1  -1  -1  -1  -1  -1  -1  -1  -1	 85035656003863 nsecs RQ    2    2
   1   1   1   1   1   1   1   1   1   1  -1  -1  -1  -1  -1  -1  -1  -1  -1  -1   1   1   1   1   1   1   1   1   1   1  -1  -1  -1  -1  -1  -1  -1  -1  -1  -1  -1  -1  -1  -1  -1  -1  -1  -1  -1  -1  -1  -1  -1  -1  -1  -1  -1  -1  -1  -1  -1  -1  -1  -1	 85035656008411 nsecs RQ    2    1
   1   1   2   1   1   1   1   1   1   1  -1  -1  -1  -1  -1  -1  -1  -1  -1  -1   1   1   1   1   1   1   1   1   1   1  -1  -1  -1  -1  -1  -1  -1  -1  -1  -1  -1  -1  -1  -1  -1  -1  -1  -1  -1  -1  -1  -1  -1  -1  -1  -1  -1  -1  -1  -1  -1  -1  -1  -1	 85035664003881 nsecs RQ    2    2
   1   1   1   1   1   1   1   1   1   1  -1  -1  -1  -1  -1  -1  -1  -1  -1  -1   1   1   1   1   1   1   1   1   1   1  -1  -1  -1  -1  -1  -1  -1  -1  -1  -1  -1  -1  -1  -1  -1  -1  -1  -1  -1  -1  -1  -1  -1  -1  -1  -1  -1  -1  -1  -1  -1  -1  -1  -1	 85035664007533 nsecs RQ    2    1
   1   1   2   1   1   1   1   1   1   1  -1  -1  -1  -1  -1  -1  -1  -1  -1  -1   1   1   1   1   1   1   1   1   1   1  -1  -1  -1  -1  -1  -1  -1  -1  -1  -1  -1  -1  -1  -1  -1  -1  -1  -1  -1  -1  -1  -1  -1  -1  -1  -1  -1  -1  -1  -1  -1  -1  -1  -1	 85035672003870 nsecs RQ    2    2
   1   1   1   1   1   1   1   1   1   1  -1  -1  -1  -1  -1  -1  -1  -1  -1  -1   1   1   1   1   1   1   1   1   1   1  -1  -1  -1  -1  -1  -1  -1  -1  -1  -1  -1  -1  -1  -1  -1  -1  -1  -1  -1  -1  -1  -1  -1  -1  -1  -1  -1  -1  -1  -1  -1  -1  -1  -1	 85035672006671 nsecs RQ    2    1
   2   1   1   1   1   1   1   1   1   1  -1  -1  -1  -1  -1  -1  -1  -1  -1  -1   1   1   1   1   1   1   1   1   1   1  -1  -1  -1  -1  -1  -1  -1  -1  -1  -1  -1  -1  -1  -1  -1  -1  -1  -1  -1  -1  -1  -1  -1  -1  -1  -1  -1  -1  -1  -1  -1  -1  -1  -1	 85035720005713 nsecs RQ    0    2
   1   1   1   1   1   1   1   1   1   1  -1  -1  -1  -1  -1  -1  -1  -1  -1  -1   1   1   1   1   1   1   1   1   1   1  -1  -1  -1  -1  -1  -1  -1  -1  -1  -1  -1  -1  -1  -1  -1  -1  -1  -1  -1  -1  -1  -1  -1  -1  -1  -1  -1  -1  -1  -1  -1  -1  -1  -1	 85035720011876 nsecs RQ    0    1
   1   1   1   1   1   1   1   1   1   1  -1  -1  -1  -1  -1  -1  -1  -1  -1  -1   1   1   1   1   1   1   1   1   2   1  -1  -1  -1  -1  -1  -1  -1  -1  -1  -1  -1  -1  -1  -1  -1  -1  -1  -1  -1  -1  -1  -1  -1  -1  -1  -1  -1  -1  -1  -1  -1  -1  -1  -1	 85035724972214 nsecs RQ   28    2
   1   1   1   1   1   1   1   1   1   1  -1  -1  -1  -1  -1  -1  -1  -1  -1  -1   1   1   1   1   1   1   1   1   1   1  -1  -1  -1  -1  -1  -1  -1  -1  -1  -1  -1  -1  -1  -1  -1  -1  -1  -1  -1  -1  -1  -1  -1  -1  -1  -1  -1  -1  -1  -1  -1  -1  -1  -1	 85035725017107 nsecs RQ   28    1
   1   2   1   1   1   1   1   1   1   1  -1  -1  -1  -1  -1  -1  -1  -1  -1  -1   1   1   1   1   1   1   1   1   1   1  -1  -1  -1  -1  -1  -1  -1  -1  -1  -1  -1  -1  -1  -1  -1  -1  -1  -1  -1  -1  -1  -1  -1  -1  -1  -1  -1  -1  -1  -1  -1  -1  -1  -1	 85035728005578 nsecs RQ    1    2
   1   1   1   1   1   1   1   1   1   1  -1  -1  -1  -1  -1  -1  -1  -1  -1  -1   1   1   1   1   1   1   1   1   1   1  -1  -1  -1  -1  -1  -1  -1  -1  -1  -1  -1  -1  -1  -1  -1  -1  -1  -1  -1  -1  -1  -1  -1  -1  -1  -1  -1  -1  -1  -1  -1  -1  -1  -1	 85035728022424 nsecs RQ    1    1
   1   2   1   1   1   1   1   1   1   1  -1  -1  -1  -1  -1  -1  -1  -1  -1  -1   1   1   1   1   1   1   1   1   1   1  -1  -1  -1  -1  -1  -1  -1  -1  -1  -1  -1  -1  -1  -1  -1  -1  -1  -1  -1  -1  -1  -1  -1  -1  -1  -1  -1  -1  -1  -1  -1  -1  -1  -1	 85035732005313 nsecs RQ    1    2
   1   1   1   1   1   1   1   1   1   1  -1  -1  -1  -1  -1  -1  -1  -1  -1  -1   1   1   1   1   1   1   1   1   1   1  -1  -1  -1  -1  -1  -1  -1  -1  -1  -1  -1  -1  -1  -1  -1  -1  -1  -1  -1  -1  -1  -1  -1  -1  -1  -1  -1  -1  -1  -1  -1  -1  -1  -1	 85035732009035 nsecs RQ    1    1
   1   2   1   1   1   1   1   1   1   1  -1  -1  -1  -1  -1  -1  -1  -1  -1  -1   1   1   1   1   1   1   1   1   1   1  -1  -1  -1  -1  -1  -1  -1  -1  -1  -1  -1  -1  -1  -1  -1  -1  -1  -1  -1  -1  -1  -1  -1  -1  -1  -1  -1  -1  -1  -1  -1  -1  -1  -1	 85035740004000 nsecs RQ    1    2
   1   2   1   1   1   1   1   2   1   1  -1  -1  -1  -1  -1  -1  -1  -1  -1  -1   1   1   1   1   1   1   1   1   1   1  -1  -1  -1  -1  -1  -1  -1  -1  -1  -1  -1  -1  -1  -1  -1  -1  -1  -1  -1  -1  -1  -1  -1  -1  -1  -1  -1  -1  -1  -1  -1  -1  -1  -1	 85035740004471 nsecs RQ    7    2
   1   2   1   2   1   1   1   2   1   1  -1  -1  -1  -1  -1  -1  -1  -1  -1  -1   1   1   1   1   1   1   1   1   1   1  -1  -1  -1  -1  -1  -1  -1  -1  -1  -1  -1  -1  -1  -1  -1  -1  -1  -1  -1  -1  -1  -1  -1  -1  -1  -1  -1  -1  -1  -1  -1  -1  -1  -1	 85035740006449 nsecs RQ    3    2
   1   1   1   2   1   1   1   2   1   1  -1  -1  -1  -1  -1  -1  -1  -1  -1  -1   1   1   1   1   1   1   1   1   1   1  -1  -1  -1  -1  -1  -1  -1  -1  -1  -1  -1  -1  -1  -1  -1  -1  -1  -1  -1  -1  -1  -1  -1  -1  -1  -1  -1  -1  -1  -1  -1  -1  -1  -1	 85035740009416 nsecs RQ    1    1
   1   1   1   2   1   1   1   1   1   1  -1  -1  -1  -1  -1  -1  -1  -1  -1  -1   1   1   1   1   1   1   1   1   1   1  -1  -1  -1  -1  -1  -1  -1  -1  -1  -1  -1  -1  -1  -1  -1  -1  -1  -1  -1  -1  -1  -1  -1  -1  -1  -1  -1  -1  -1  -1  -1  -1  -1  -1	 85035740012839 nsecs RQ    7    1
   1   1   1   1   1   1   1   1   1   1  -1  -1  -1  -1  -1  -1  -1  -1  -1  -1   1   1   1   1   1   1   1   1   1   1  -1  -1  -1  -1  -1  -1  -1  -1  -1  -1  -1  -1  -1  -1  -1  -1  -1  -1  -1  -1  -1  -1  -1  -1  -1  -1  -1  -1  -1  -1  -1  -1  -1  -1	 85035740042461 nsecs RQ    3    1
   1   2   1   1   1   1   1   1   1   1  -1  -1  -1  -1  -1  -1  -1  -1  -1  -1   1   1   1   1   1   1   1   1   1   1  -1  -1  -1  -1  -1  -1  -1  -1  -1  -1  -1  -1  -1  -1  -1  -1  -1  -1  -1  -1  -1  -1  -1  -1  -1  -1  -1  -1  -1  -1  -1  -1  -1  -1	 85035748004308 nsecs RQ    1    2
   1   1   1   1   1   1   1   1   1   1  -1  -1  -1  -1  -1  -1  -1  -1  -1  -1   1   1   1   1   1   1   1   1   1   1  -1  -1  -1  -1  -1  -1  -1  -1  -1  -1  -1  -1  -1  -1  -1  -1  -1  -1  -1  -1  -1  -1  -1  -1  -1  -1  -1  -1  -1  -1  -1  -1  -1  -1	 85035748008622 nsecs RQ    1    1
   1   1   1   1   1   1   1   1   1   1  -1  -1  -1  -1  -1  -1  -1  -1  -1  -1   1   1   1   1   1   1   1   1   2   1  -1  -1  -1  -1  -1  -1  -1  -1  -1  -1  -1  -1  -1  -1  -1  -1  -1  -1  -1  -1  -1  -1  -1  -1  -1  -1  -1  -1  -1  -1  -1  -1  -1  -1	 85035756005619 nsecs RQ   28    2
   1   1   1   1   1   1   1   1   1   1  -1  -1  -1  -1  -1  -1  -1  -1  -1  -1   1   1   1   1   1   1   1   1   1   1  -1  -1  -1  -1  -1  -1  -1  -1  -1  -1  -1  -1  -1  -1  -1  -1  -1  -1  -1  -1  -1  -1  -1  -1  -1  -1  -1  -1  -1  -1  -1  -1  -1  -1	 85035756009386 nsecs RQ   28    1
   2   1   1   1   1   1   1   1   1   1  -1  -1  -1  -1  -1  -1  -1  -1  -1  -1   1   1   1   1   1   1   1   1   1   1  -1  -1  -1  -1  -1  -1  -1  -1  -1  -1  -1  -1  -1  -1  -1  -1  -1  -1  -1  -1  -1  -1  -1  -1  -1  -1  -1  -1  -1  -1  -1  -1  -1  -1	 85035782506849 nsecs RQ    0    2
   1   1   1   1   1   1   1   1   1   1  -1  -1  -1  -1  -1  -1  -1  -1  -1  -1   1   1   1   1   1   1   1   1   1   1  -1  -1  -1  -1  -1  -1  -1  -1  -1  -1  -1  -1  -1  -1  -1  -1  -1  -1  -1  -1  -1  -1  -1  -1  -1  -1  -1  -1  -1  -1  -1  -1  -1  -1	 85035782905031 nsecs RQ    0    1
   2   1   1   1   1   1   1   1   1   1  -1  -1  -1  -1  -1  -1  -1  -1  -1  -1   1   1   1   1   1   1   1   1   1   1  -1  -1  -1  -1  -1  -1  -1  -1  -1  -1  -1  -1  -1  -1  -1  -1  -1  -1  -1  -1  -1  -1  -1  -1  -1  -1  -1  -1  -1  -1  -1  -1  -1  -1	 85035782915458 nsecs RQ    0    2
   1   1   1   1   1   1   1   1   1   1  -1  -1  -1  -1  -1  -1  -1  -1  -1  -1   1   1   1   1   1   1   1   1   1   1  -1  -1  -1  -1  -1  -1  -1  -1  -1  -1  -1  -1  -1  -1  -1  -1  -1  -1  -1  -1  -1  -1  -1  -1  -1  -1  -1  -1  -1  -1  -1  -1  -1  -1	 85035783030342 nsecs RQ    0    1
   1   1   2   1   1   1   1   1   1   1  -1  -1  -1  -1  -1  -1  -1  -1  -1  -1   1   1   1   1   1   1   1   1   1   1  -1  -1  -1  -1  -1  -1  -1  -1  -1  -1  -1  -1  -1  -1  -1  -1  -1  -1  -1  -1  -1  -1  -1  -1  -1  -1  -1  -1  -1  -1  -1  -1  -1  -1	 85035804004598 nsecs RQ    2    2
   1   1   1   1   1   1   1   1   1   1  -1  -1  -1  -1  -1  -1  -1  -1  -1  -1   1   1   1   1   1   1   1   1   1   1  -1  -1  -1  -1  -1  -1  -1  -1  -1  -1  -1  -1  -1  -1  -1  -1  -1  -1  -1  -1  -1  -1  -1  -1  -1  -1  -1  -1  -1  -1  -1  -1  -1  -1	 85035804010482 nsecs RQ    2    1
   1   2   1   1   1   1   1   1   1   1  -1  -1  -1  -1  -1  -1  -1  -1  -1  -1   1   1   1   1   1   1   1   1   1   1  -1  -1  -1  -1  -1  -1  -1  -1  -1  -1  -1  -1  -1  -1  -1  -1  -1  -1  -1  -1  -1  -1  -1  -1  -1  -1  -1  -1  -1  -1  -1  -1  -1  -1	 85035832004839 nsecs RQ    1    2
   1   1   1   1   1   1   1   1   1   1  -1  -1  -1  -1  -1  -1  -1  -1  -1  -1   1   1   1   1   1   1   1   1   1   1  -1  -1  -1  -1  -1  -1  -1  -1  -1  -1  -1  -1  -1  -1  -1  -1  -1  -1  -1  -1  -1  -1  -1  -1  -1  -1  -1  -1  -1  -1  -1  -1  -1  -1	 85035832015305 nsecs RQ    1    1
   2   1   1   1   1   1   1   1   1   1  -1  -1  -1  -1  -1  -1  -1  -1  -1  -1   1   1   1   1   1   1   1   1   1   1  -1  -1  -1  -1  -1  -1  -1  -1  -1  -1  -1  -1  -1  -1  -1  -1  -1  -1  -1  -1  -1  -1  -1  -1  -1  -1  -1  -1  -1  -1  -1  -1  -1  -1	 85035836005028 nsecs RQ    0    2
   2   2   1   1   1   1   1   1   1   1  -1  -1  -1  -1  -1  -1  -1  -1  -1  -1   1   1   1   1   1   1   1   1   1   1  -1  -1  -1  -1  -1  -1  -1  -1  -1  -1  -1  -1  -1  -1  -1  -1  -1  -1  -1  -1  -1  -1  -1  -1  -1  -1  -1  -1  -1  -1  -1  -1  -1  -1	 85035836020334 nsecs RQ    1    2
   2   2   1   2   1   1   1   1   1   1  -1  -1  -1  -1  -1  -1  -1  -1  -1  -1   1   1   1   1   1   1   1   1   1   1  -1  -1  -1  -1  -1  -1  -1  -1  -1  -1  -1  -1  -1  -1  -1  -1  -1  -1  -1  -1  -1  -1  -1  -1  -1  -1  -1  -1  -1  -1  -1  -1  -1  -1	 85035836022572 nsecs RQ    3    2
   2   2   1   2   2   1   1   1   1   1  -1  -1  -1  -1  -1  -1  -1  -1  -1  -1   1   1   1   1   1   1   1   1   1   1  -1  -1  -1  -1  -1  -1  -1  -1  -1  -1  -1  -1  -1  -1  -1  -1  -1  -1  -1  -1  -1  -1  -1  -1  -1  -1  -1  -1  -1  -1  -1  -1  -1  -1	 85035836024608 nsecs RQ    4    2
   2   2   1   2   2   2   1   1   1   1  -1  -1  -1  -1  -1  -1  -1  -1  -1  -1   1   1   1   1   1   1   1   1   1   1  -1  -1  -1  -1  -1  -1  -1  -1  -1  -1  -1  -1  -1  -1  -1  -1  -1  -1  -1  -1  -1  -1  -1  -1  -1  -1  -1  -1  -1  -1  -1  -1  -1  -1	 85035836026647 nsecs RQ    5    2
   2   1   1   2   2   2   1   1   1   1  -1  -1  -1  -1  -1  -1  -1  -1  -1  -1   1   1   1   1   1   1   1   1   1   1  -1  -1  -1  -1  -1  -1  -1  -1  -1  -1  -1  -1  -1  -1  -1  -1  -1  -1  -1  -1  -1  -1  -1  -1  -1  -1  -1  -1  -1  -1  -1  -1  -1  -1	 85035836027570 nsecs RQ    1    1
   2   1   1   2   2   2   2   1   1   1  -1  -1  -1  -1  -1  -1  -1  -1  -1  -1   1   1   1   1   1   1   1   1   1   1  -1  -1  -1  -1  -1  -1  -1  -1  -1  -1  -1  -1  -1  -1  -1  -1  -1  -1  -1  -1  -1  -1  -1  -1  -1  -1  -1  -1  -1  -1  -1  -1  -1  -1	 85035836028875 nsecs RQ    6    2
   2   1   1   1   2   2   2   1   1   1  -1  -1  -1  -1  -1  -1  -1  -1  -1  -1   1   1   1   1   1   1   1   1   1   1  -1  -1  -1  -1  -1  -1  -1  -1  -1  -1  -1  -1  -1  -1  -1  -1  -1  -1  -1  -1  -1  -1  -1  -1  -1  -1  -1  -1  -1  -1  -1  -1  -1  -1	 85035836029182 nsecs RQ    3    1
   2   1   1   1   2   2   2   1   2   1  -1  -1  -1  -1  -1  -1  -1  -1  -1  -1   1   1   1   1   1   1   1   1   1   1  -1  -1  -1  -1  -1  -1  -1  -1  -1  -1  -1  -1  -1  -1  -1  -1  -1  -1  -1  -1  -1  -1  -1  -1  -1  -1  -1  -1  -1  -1  -1  -1  -1  -1	 85035836030915 nsecs RQ    8    2
   2   1   1   1   1   2   2   1   2   1  -1  -1  -1  -1  -1  -1  -1  -1  -1  -1   1   1   1   1   1   1   1   1   1   1  -1  -1  -1  -1  -1  -1  -1  -1  -1  -1  -1  -1  -1  -1  -1  -1  -1  -1  -1  -1  -1  -1  -1  -1  -1  -1  -1  -1  -1  -1  -1  -1  -1  -1	 85035836032192 nsecs RQ    4    1
   2   1   1   1   1   2   2   1   2   2  -1  -1  -1  -1  -1  -1  -1  -1  -1  -1   1   1   1   1   1   1   1   1   1   1  -1  -1  -1  -1  -1  -1  -1  -1  -1  -1  -1  -1  -1  -1  -1  -1  -1  -1  -1  -1  -1  -1  -1  -1  -1  -1  -1  -1  -1  -1  -1  -1  -1  -1	 85035836033030 nsecs RQ    9    2
   2   1   1   1   1   2   2   1   2   2  -1  -1  -1  -1  -1  -1  -1  -1  -1  -1   2   1   1   1   1   1   1   1   1   1  -1  -1  -1  -1  -1  -1  -1  -1  -1  -1  -1  -1  -1  -1  -1  -1  -1  -1  -1  -1  -1  -1  -1  -1  -1  -1  -1  -1  -1  -1  -1  -1  -1  -1	 85035836034927 nsecs RQ   20    2
   2   1   1   1   1   1   2   1   2   2  -1  -1  -1  -1  -1  -1  -1  -1  -1  -1   2   1   1   1   1   1   1   1   1   1  -1  -1  -1  -1  -1  -1  -1  -1  -1  -1  -1  -1  -1  -1  -1  -1  -1  -1  -1  -1  -1  -1  -1  -1  -1  -1  -1  -1  -1  -1  -1  -1  -1  -1	 85035836035037 nsecs RQ    5    1
   2   1   1   1   1   1   2   1   2   2  -1  -1  -1  -1  -1  -1  -1  -1  -1  -1   2   2   1   1   1   1   1   1   1   1  -1  -1  -1  -1  -1  -1  -1  -1  -1  -1  -1  -1  -1  -1  -1  -1  -1  -1  -1  -1  -1  -1  -1  -1  -1  -1  -1  -1  -1  -1  -1  -1  -1  -1	 85035836036725 nsecs RQ   21    2
   2   1   1   1   1   1   1   1   2   2  -1  -1  -1  -1  -1  -1  -1  -1  -1  -1   2   2   1   1   1   1   1   1   1   1  -1  -1  -1  -1  -1  -1  -1  -1  -1  -1  -1  -1  -1  -1  -1  -1  -1  -1  -1  -1  -1  -1  -1  -1  -1  -1  -1  -1  -1  -1  -1  -1  -1  -1	 85035836037407 nsecs RQ    6    1
   2   1   1   1   1   1   1   1   1   2  -1  -1  -1  -1  -1  -1  -1  -1  -1  -1   2   2   1   1   1   1   1   1   1   1  -1  -1  -1  -1  -1  -1  -1  -1  -1  -1  -1  -1  -1  -1  -1  -1  -1  -1  -1  -1  -1  -1  -1  -1  -1  -1  -1  -1  -1  -1  -1  -1  -1  -1	 85035836037642 nsecs RQ    8    1
   2   1   1   1   1   1   1   1   1   2  -1  -1  -1  -1  -1  -1  -1  -1  -1  -1   2   2   2   1   1   1   1   1   1   1  -1  -1  -1  -1  -1  -1  -1  -1  -1  -1  -1  -1  -1  -1  -1  -1  -1  -1  -1  -1  -1  -1  -1  -1  -1  -1  -1  -1  -1  -1  -1  -1  -1  -1	 85035836038616 nsecs RQ   22    2
   2   1   1   1   1   1   1   1   1   2  -1  -1  -1  -1  -1  -1  -1  -1  -1  -1   2   2   2   2   1   1   1   1   1   1  -1  -1  -1  -1  -1  -1  -1  -1  -1  -1  -1  -1  -1  -1  -1  -1  -1  -1  -1  -1  -1  -1  -1  -1  -1  -1  -1  -1  -1  -1  -1  -1  -1  -1	 85035836040514 nsecs RQ   23    2
   2   1   1   1   1   1   1   1   1   1  -1  -1  -1  -1  -1  -1  -1  -1  -1  -1   2   2   2   2   1   1   1   1   1   1  -1  -1  -1  -1  -1  -1  -1  -1  -1  -1  -1  -1  -1  -1  -1  -1  -1  -1  -1  -1  -1  -1  -1  -1  -1  -1  -1  -1  -1  -1  -1  -1  -1  -1	 85035836041655 nsecs RQ    9    1
   2   1   1   1   1   1   1   1   1   1  -1  -1  -1  -1  -1  -1  -1  -1  -1  -1   1   2   2   2   1   1   1   1   1   1  -1  -1  -1  -1  -1  -1  -1  -1  -1  -1  -1  -1  -1  -1  -1  -1  -1  -1  -1  -1  -1  -1  -1  -1  -1  -1  -1  -1  -1  -1  -1  -1  -1  -1	 85035836041957 nsecs RQ   20    1
   2   1   1   1   1   1   1   1   1   1  -1  -1  -1  -1  -1  -1  -1  -1  -1  -1   1   2   2   2   2   1   1   1   1   1  -1  -1  -1  -1  -1  -1  -1  -1  -1  -1  -1  -1  -1  -1  -1  -1  -1  -1  -1  -1  -1  -1  -1  -1  -1  -1  -1  -1  -1  -1  -1  -1  -1  -1	 85035836042304 nsecs RQ   24    2
   2   1   1   1   1   1   1   1   1   1  -1  -1  -1  -1  -1  -1  -1  -1  -1  -1   1   1   2   2   2   1   1   1   1   1  -1  -1  -1  -1  -1  -1  -1  -1  -1  -1  -1  -1  -1  -1  -1  -1  -1  -1  -1  -1  -1  -1  -1  -1  -1  -1  -1  -1  -1  -1  -1  -1  -1  -1	 85035836043080 nsecs RQ   21    1
   2   1   1   1   1   1   1   1   1   1  -1  -1  -1  -1  -1  -1  -1  -1  -1  -1   1   1   2   2   2   2   1   1   1   1  -1  -1  -1  -1  -1  -1  -1  -1  -1  -1  -1  -1  -1  -1  -1  -1  -1  -1  -1  -1  -1  -1  -1  -1  -1  -1  -1  -1  -1  -1  -1  -1  -1  -1	 85035836044591 nsecs RQ   25    2
   2   1   1   1   1   1   1   1   1   1  -1  -1  -1  -1  -1  -1  -1  -1  -1  -1   1   1   1   2   2   2   1   1   1   1  -1  -1  -1  -1  -1  -1  -1  -1  -1  -1  -1  -1  -1  -1  -1  -1  -1  -1  -1  -1  -1  -1  -1  -1  -1  -1  -1  -1  -1  -1  -1  -1  -1  -1	 85035836045571 nsecs RQ   22    1
   2   1   1   1   1   1   1   1   1   1  -1  -1  -1  -1  -1  -1  -1  -1  -1  -1   1   1   1   2   2   2   2   1   1   1  -1  -1  -1  -1  -1  -1  -1  -1  -1  -1  -1  -1  -1  -1  -1  -1  -1  -1  -1  -1  -1  -1  -1  -1  -1  -1  -1  -1  -1  -1  -1  -1  -1  -1	 85035836046606 nsecs RQ   26    2
   2   1   1   1   1   1   1   1   1   1  -1  -1  -1  -1  -1  -1  -1  -1  -1  -1   1   1   1   1   2   2   2   1   1   1  -1  -1  -1  -1  -1  -1  -1  -1  -1  -1  -1  -1  -1  -1  -1  -1  -1  -1  -1  -1  -1  -1  -1  -1  -1  -1  -1  -1  -1  -1  -1  -1  -1  -1	 85035836046651 nsecs RQ   23    1
   2   1   1   1   1   1   1   1   1   1  -1  -1  -1  -1  -1  -1  -1  -1  -1  -1   1   1   1   1   1   2   2   1   1   1  -1  -1  -1  -1  -1  -1  -1  -1  -1  -1  -1  -1  -1  -1  -1  -1  -1  -1  -1  -1  -1  -1  -1  -1  -1  -1  -1  -1  -1  -1  -1  -1  -1  -1	 85035836047965 nsecs RQ   24    1
   2   1   1   1   1   1   1   1   1   1  -1  -1  -1  -1  -1  -1  -1  -1  -1  -1   1   1   1   1   1   2   2   1   2   1  -1  -1  -1  -1  -1  -1  -1  -1  -1  -1  -1  -1  -1  -1  -1  -1  -1  -1  -1  -1  -1  -1  -1  -1  -1  -1  -1  -1  -1  -1  -1  -1  -1  -1	 85035836048843 nsecs RQ   28    2
   2   1   1   1   1   1   1   1   1   1  -1  -1  -1  -1  -1  -1  -1  -1  -1  -1   1   1   1   1   1   1   2   1   2   1  -1  -1  -1  -1  -1  -1  -1  -1  -1  -1  -1  -1  -1  -1  -1  -1  -1  -1  -1  -1  -1  -1  -1  -1  -1  -1  -1  -1  -1  -1  -1  -1  -1  -1	 85035836050863 nsecs RQ   25    1
   2   1   1   1   1   1   1   1   1   1  -1  -1  -1  -1  -1  -1  -1  -1  -1  -1   1   1   1   1   1   1   2   1   2   2  -1  -1  -1  -1  -1  -1  -1  -1  -1  -1  -1  -1  -1  -1  -1  -1  -1  -1  -1  -1  -1  -1  -1  -1  -1  -1  -1  -1  -1  -1  -1  -1  -1  -1	 85035836051190 nsecs RQ   29    2
   2   1   1   1   1   1   1   1   1   1  -1  -1  -1  -1  -1  -1  -1  -1  -1  -1   1   1   1   1   1   1   1   1   2   2  -1  -1  -1  -1  -1  -1  -1  -1  -1  -1  -1  -1  -1  -1  -1  -1  -1  -1  -1  -1  -1  -1  -1  -1  -1  -1  -1  -1  -1  -1  -1  -1  -1  -1	 85035836053055 nsecs RQ   26    1
   2   1   1   1   1   1   1   1   1   1  -1  -1  -1  -1  -1  -1  -1  -1  -1  -1   1   1   1   1   1   1   1   1   1   2  -1  -1  -1  -1  -1  -1  -1  -1  -1  -1  -1  -1  -1  -1  -1  -1  -1  -1  -1  -1  -1  -1  -1  -1  -1  -1  -1  -1  -1  -1  -1  -1  -1  -1	 85035836055319 nsecs RQ   28    1
   1   1   1   1   1   1   1   1   1   1  -1  -1  -1  -1  -1  -1  -1  -1  -1  -1   1   1   1   1   1   1   1   1   1   2  -1  -1  -1  -1  -1  -1  -1  -1  -1  -1  -1  -1  -1  -1  -1  -1  -1  -1  -1  -1  -1  -1  -1  -1  -1  -1  -1  -1  -1  -1  -1  -1  -1  -1	 85035836056083 nsecs RQ    0    1
   1   1   1   1   1   1   1   1   1   1  -1  -1  -1  -1  -1  -1  -1  -1  -1  -1   1   1   1   1   1   1   1   1   1   1  -1  -1  -1  -1  -1  -1  -1  -1  -1  -1  -1  -1  -1  -1  -1  -1  -1  -1  -1  -1  -1  -1  -1  -1  -1  -1  -1  -1  -1  -1  -1  -1  -1  -1	 85035836057886 nsecs RQ   29    1
   1   1   2   1   1   1   1   1   1   1  -1  -1  -1  -1  -1  -1  -1  -1  -1  -1   1   1   1   1   1   1   1   1   1   1  -1  -1  -1  -1  -1  -1  -1  -1  -1  -1  -1  -1  -1  -1  -1  -1  -1  -1  -1  -1  -1  -1  -1  -1  -1  -1  -1  -1  -1  -1  -1  -1  -1  -1	 85035841331089 nsecs RQ    2    2
   1   1   1   1   1   1   1   1   1   1  -1  -1  -1  -1  -1  -1  -1  -1  -1  -1   1   1   1   1   1   1   1   1   1   1  -1  -1  -1  -1  -1  -1  -1  -1  -1  -1  -1  -1  -1  -1  -1  -1  -1  -1  -1  -1  -1  -1  -1  -1  -1  -1  -1  -1  -1  -1  -1  -1  -1  -1	 85035841361441 nsecs RQ    2    1
   1   1   2   1   1   1   1   1   1   1  -1  -1  -1  -1  -1  -1  -1  -1  -1  -1   1   1   1   1   1   1   1   1   1   1  -1  -1  -1  -1  -1  -1  -1  -1  -1  -1  -1  -1  -1  -1  -1  -1  -1  -1  -1  -1  -1  -1  -1  -1  -1  -1  -1  -1  -1  -1  -1  -1  -1  -1	 85035844005687 nsecs RQ    2    2
   1   1   1   1   1   1   1   1   1   1  -1  -1  -1  -1  -1  -1  -1  -1  -1  -1   1   1   1   1   1   1   1   1   1   1  -1  -1  -1  -1  -1  -1  -1  -1  -1  -1  -1  -1  -1  -1  -1  -1  -1  -1  -1  -1  -1  -1  -1  -1  -1  -1  -1  -1  -1  -1  -1  -1  -1  -1	 85035844009258 nsecs RQ    2    1
   1   1   2   1   1   1   1   1   1   1  -1  -1  -1  -1  -1  -1  -1  -1  -1  -1   1   1   1   1   1   1   1   1   1   1  -1  -1  -1  -1  -1  -1  -1  -1  -1  -1  -1  -1  -1  -1  -1  -1  -1  -1  -1  -1  -1  -1  -1  -1  -1  -1  -1  -1  -1  -1  -1  -1  -1  -1	 85035852004259 nsecs RQ    2    2
   1   1   1   1   1   1   1   1   1   1  -1  -1  -1  -1  -1  -1  -1  -1  -1  -1   1   1   1   1   1   1   1   1   1   1  -1  -1  -1  -1  -1  -1  -1  -1  -1  -1  -1  -1  -1  -1  -1  -1  -1  -1  -1  -1  -1  -1  -1  -1  -1  -1  -1  -1  -1  -1  -1  -1  -1  -1	 85035852010184 nsecs RQ    2    1
   1   1   2   1   1   1   1   1   1   1  -1  -1  -1  -1  -1  -1  -1  -1  -1  -1   1   1   1   1   1   1   1   1   1   1  -1  -1  -1  -1  -1  -1  -1  -1  -1  -1  -1  -1  -1  -1  -1  -1  -1  -1  -1  -1  -1  -1  -1  -1  -1  -1  -1  -1  -1  -1  -1  -1  -1  -1	 85035860004020 nsecs RQ    2    2
   1   1   1   1   1   1   1   1   1   1  -1  -1  -1  -1  -1  -1  -1  -1  -1  -1   1   1   1   1   1   1   1   1   1   1  -1  -1  -1  -1  -1  -1  -1  -1  -1  -1  -1  -1  -1  -1  -1  -1  -1  -1  -1  -1  -1  -1  -1  -1  -1  -1  -1  -1  -1  -1  -1  -1  -1  -1	 85035860007924 nsecs RQ    2    1
   1   1   2   1   1   1   1   1   1   1  -1  -1  -1  -1  -1  -1  -1  -1  -1  -1   1   1   1   1   1   1   1   1   1   1  -1  -1  -1  -1  -1  -1  -1  -1  -1  -1  -1  -1  -1  -1  -1  -1  -1  -1  -1  -1  -1  -1  -1  -1  -1  -1  -1  -1  -1  -1  -1  -1  -1  -1	 85035872003777 nsecs RQ    2    2
   1   1   1   1   1   1   1   1   1   1  -1  -1  -1  -1  -1  -1  -1  -1  -1  -1   1   1   1   1   1   1   1   1   1   1  -1  -1  -1  -1  -1  -1  -1  -1  -1  -1  -1  -1  -1  -1  -1  -1  -1  -1  -1  -1  -1  -1  -1  -1  -1  -1  -1  -1  -1  -1  -1  -1  -1  -1	 85035872006477 nsecs RQ    2    1
   1   1   1   1   1   1   2   1   1   1  -1  -1  -1  -1  -1  -1  -1  -1  -1  -1   1   1   1   1   1   1   1   1   1   1  -1  -1  -1  -1  -1  -1  -1  -1  -1  -1  -1  -1  -1  -1  -1  -1  -1  -1  -1  -1  -1  -1  -1  -1  -1  -1  -1  -1  -1  -1  -1  -1  -1  -1	 85035887364654 nsecs RQ    6    2
   1   1   1   1   1   1   1   1   1   1  -1  -1  -1  -1  -1  -1  -1  -1  -1  -1   1   1   1   1   1   1   1   1   1   1  -1  -1  -1  -1  -1  -1  -1  -1  -1  -1  -1  -1  -1  -1  -1  -1  -1  -1  -1  -1  -1  -1  -1  -1  -1  -1  -1  -1  -1  -1  -1  -1  -1  -1	 85035887370119 nsecs RQ    6    1
   1   1   1   1   1   1   1   2   1   1  -1  -1  -1  -1  -1  -1  -1  -1  -1  -1   1   1   1   1   1   1   1   1   1   1  -1  -1  -1  -1  -1  -1  -1  -1  -1  -1  -1  -1  -1  -1  -1  -1  -1  -1  -1  -1  -1  -1  -1  -1  -1  -1  -1  -1  -1  -1  -1  -1  -1  -1	 85035894713581 nsecs RQ    7    2
   1   1   1   1   1   1   1   1   1   1  -1  -1  -1  -1  -1  -1  -1  -1  -1  -1   1   1   1   1   1   1   1   1   1   1  -1  -1  -1  -1  -1  -1  -1  -1  -1  -1  -1  -1  -1  -1  -1  -1  -1  -1  -1  -1  -1  -1  -1  -1  -1  -1  -1  -1  -1  -1  -1  -1  -1  -1	 85035894718053 nsecs RQ    7    1
   2   1   1   1   1   1   1   1   1   1  -1  -1  -1  -1  -1  -1  -1  -1  -1  -1   1   1   1   1   1   1   1   1   1   1  -1  -1  -1  -1  -1  -1  -1  -1  -1  -1  -1  -1  -1  -1  -1  -1  -1  -1  -1  -1  -1  -1  -1  -1  -1  -1  -1  -1  -1  -1  -1  -1  -1  -1	 85035924005464 nsecs RQ    0    2
   1   1   1   1   1   1   1   1   1   1  -1  -1  -1  -1  -1  -1  -1  -1  -1  -1   1   1   1   1   1   1   1   1   1   1  -1  -1  -1  -1  -1  -1  -1  -1  -1  -1  -1  -1  -1  -1  -1  -1  -1  -1  -1  -1  -1  -1  -1  -1  -1  -1  -1  -1  -1  -1  -1  -1  -1  -1	 85035924010688 nsecs RQ    0    1
   1   1   1   1   1   1   1   1   1   1  -1  -1  -1  -1  -1  -1  -1  -1  -1  -1   1   1   1   1   1   2   1   1   1   1  -1  -1  -1  -1  -1  -1  -1  -1  -1  -1  -1  -1  -1  -1  -1  -1  -1  -1  -1  -1  -1  -1  -1  -1  -1  -1  -1  -1  -1  -1  -1  -1  -1  -1	 85035937676101 nsecs RQ   25    2
   1   1   1   1   1   1   1   1   1   1  -1  -1  -1  -1  -1  -1  -1  -1  -1  -1   1   1   1   1   1   1   1   1   1   1  -1  -1  -1  -1  -1  -1  -1  -1  -1  -1  -1  -1  -1  -1  -1  -1  -1  -1  -1  -1  -1  -1  -1  -1  -1  -1  -1  -1  -1  -1  -1  -1  -1  -1	 85035937708043 nsecs RQ   25    1
   1   2   1   1   1   1   1   1   1   1  -1  -1  -1  -1  -1  -1  -1  -1  -1  -1   1   1   1   1   1   1   1   1   1   1  -1  -1  -1  -1  -1  -1  -1  -1  -1  -1  -1  -1  -1  -1  -1  -1  -1  -1  -1  -1  -1  -1  -1  -1  -1  -1  -1  -1  -1  -1  -1  -1  -1  -1	 85035940005093 nsecs RQ    1    2
   1   1   1   1   1   1   1   1   1   1  -1  -1  -1  -1  -1  -1  -1  -1  -1  -1   1   1   1   1   1   1   1   1   1   1  -1  -1  -1  -1  -1  -1  -1  -1  -1  -1  -1  -1  -1  -1  -1  -1  -1  -1  -1  -1  -1  -1  -1  -1  -1  -1  -1  -1  -1  -1  -1  -1  -1  -1	 85035940014820 nsecs RQ    1    1
   2   1   1   1   1   1   1   1   1   1  -1  -1  -1  -1  -1  -1  -1  -1  -1  -1   1   1   1   1   1   1   1   1   1   1  -1  -1  -1  -1  -1  -1  -1  -1  -1  -1  -1  -1  -1  -1  -1  -1  -1  -1  -1  -1  -1  -1  -1  -1  -1  -1  -1  -1  -1  -1  -1  -1  -1  -1	 85036000004227 nsecs RQ    0    2
   1   1   1   1   1   1   1   1   1   1  -1  -1  -1  -1  -1  -1  -1  -1  -1  -1   1   1   1   1   1   1   1   1   1   1  -1  -1  -1  -1  -1  -1  -1  -1  -1  -1  -1  -1  -1  -1  -1  -1  -1  -1  -1  -1  -1  -1  -1  -1  -1  -1  -1  -1  -1  -1  -1  -1  -1  -1	 85036000024493 nsecs RQ    0    1
   1   1   1   1   2   1   1   1   1   1  -1  -1  -1  -1  -1  -1  -1  -1  -1  -1   1   1   1   1   1   1   1   1   1   1  -1  -1  -1  -1  -1  -1  -1  -1  -1  -1  -1  -1  -1  -1  -1  -1  -1  -1  -1  -1  -1  -1  -1  -1  -1  -1  -1  -1  -1  -1  -1  -1  -1  -1	 85036022321770 nsecs RQ    4    2
   1   1   1   1   3   1   1   1   1   1  -1  -1  -1  -1  -1  -1  -1  -1  -1  -1   1   1   1   1   1   1   1   1   1   1  -1  -1  -1  -1  -1  -1  -1  -1  -1  -1  -1  -1  -1  -1  -1  -1  -1  -1  -1  -1  -1  -1  -1  -1  -1  -1  -1  -1  -1  -1  -1  -1  -1  -1	 85036022437122 nsecs RQ    4    3
   1   1   1   1   2   1   1   1   1   1  -1  -1  -1  -1  -1  -1  -1  -1  -1  -1   1   1   1   1   1   1   1   1   1   1  -1  -1  -1  -1  -1  -1  -1  -1  -1  -1  -1  -1  -1  -1  -1  -1  -1  -1  -1  -1  -1  -1  -1  -1  -1  -1  -1  -1  -1  -1  -1  -1  -1  -1	 85036022453123 nsecs RQ    4    2
   1   1   1   1   3   1   1   1   1   1  -1  -1  -1  -1  -1  -1  -1  -1  -1  -1   1   1   1   1   1   1   1   1   1   1  -1  -1  -1  -1  -1  -1  -1  -1  -1  -1  -1  -1  -1  -1  -1  -1  -1  -1  -1  -1  -1  -1  -1  -1  -1  -1  -1  -1  -1  -1  -1  -1  -1  -1	 85036022471742 nsecs RQ    4    3
   1   1   1   1   2   1   1   1   1   1  -1  -1  -1  -1  -1  -1  -1  -1  -1  -1   1   1   1   1   1   1   1   1   1   1  -1  -1  -1  -1  -1  -1  -1  -1  -1  -1  -1  -1  -1  -1  -1  -1  -1  -1  -1  -1  -1  -1  -1  -1  -1  -1  -1  -1  -1  -1  -1  -1  -1  -1	 85036022474355 nsecs RQ    4    2
   1   1   1   1   3   1   1   1   1   1  -1  -1  -1  -1  -1  -1  -1  -1  -1  -1   1   1   1   1   1   1   1   1   1   1  -1  -1  -1  -1  -1  -1  -1  -1  -1  -1  -1  -1  -1  -1  -1  -1  -1  -1  -1  -1  -1  -1  -1  -1  -1  -1  -1  -1  -1  -1  -1  -1  -1  -1	 85036022490170 nsecs RQ    4    3
   1   1   1   1   2   1   1   1   1   1  -1  -1  -1  -1  -1  -1  -1  -1  -1  -1   1   1   1   1   1   1   1   1   1   1  -1  -1  -1  -1  -1  -1  -1  -1  -1  -1  -1  -1  -1  -1  -1  -1  -1  -1  -1  -1  -1  -1  -1  -1  -1  -1  -1  -1  -1  -1  -1  -1  -1  -1	 85036022498207 nsecs RQ    4    2
   1   1   1   1   3   1   1   1   1   1  -1  -1  -1  -1  -1  -1  -1  -1  -1  -1   1   1   1   1   1   1   1   1   1   1  -1  -1  -1  -1  -1  -1  -1  -1  -1  -1  -1  -1  -1  -1  -1  -1  -1  -1  -1  -1  -1  -1  -1  -1  -1  -1  -1  -1  -1  -1  -1  -1  -1  -1	 85036022506562 nsecs RQ    4    3
   1   1   1   1   2   1   1   1   1   1  -1  -1  -1  -1  -1  -1  -1  -1  -1  -1   1   1   1   1   1   1   1   1   1   1  -1  -1  -1  -1  -1  -1  -1  -1  -1  -1  -1  -1  -1  -1  -1  -1  -1  -1  -1  -1  -1  -1  -1  -1  -1  -1  -1  -1  -1  -1  -1  -1  -1  -1	 85036022508334 nsecs RQ    4    2
   1   1   1   1   3   1   1   1   1   1  -1  -1  -1  -1  -1  -1  -1  -1  -1  -1   1   1   1   1   1   1   1   1   1   1  -1  -1  -1  -1  -1  -1  -1  -1  -1  -1  -1  -1  -1  -1  -1  -1  -1  -1  -1  -1  -1  -1  -1  -1  -1  -1  -1  -1  -1  -1  -1  -1  -1  -1	 85036022536323 nsecs RQ    4    3
   1   1   1   1   2   1   1   1   1   1  -1  -1  -1  -1  -1  -1  -1  -1  -1  -1   1   1   1   1   1   1   1   1   1   1  -1  -1  -1  -1  -1  -1  -1  -1  -1  -1  -1  -1  -1  -1  -1  -1  -1  -1  -1  -1  -1  -1  -1  -1  -1  -1  -1  -1  -1  -1  -1  -1  -1  -1	 85036022541592 nsecs RQ    4    2
   1   1   1   1   3   1   1   1   1   1  -1  -1  -1  -1  -1  -1  -1  -1  -1  -1   1   1   1   1   1   1   1   1   1   1  -1  -1  -1  -1  -1  -1  -1  -1  -1  -1  -1  -1  -1  -1  -1  -1  -1  -1  -1  -1  -1  -1  -1  -1  -1  -1  -1  -1  -1  -1  -1  -1  -1  -1	 85036022555460 nsecs RQ    4    3
   1   1   1   1   2   1   1   1   1   1  -1  -1  -1  -1  -1  -1  -1  -1  -1  -1   1   1   1   1   1   1   1   1   1   1  -1  -1  -1  -1  -1  -1  -1  -1  -1  -1  -1  -1  -1  -1  -1  -1  -1  -1  -1  -1  -1  -1  -1  -1  -1  -1  -1  -1  -1  -1  -1  -1  -1  -1	 85036022557030 nsecs RQ    4    2
   1   1   1   2   2   1   1   1   1   1  -1  -1  -1  -1  -1  -1  -1  -1  -1  -1   1   1   1   1   1   1   1   1   1   1  -1  -1  -1  -1  -1  -1  -1  -1  -1  -1  -1  -1  -1  -1  -1  -1  -1  -1  -1  -1  -1  -1  -1  -1  -1  -1  -1  -1  -1  -1  -1  -1  -1  -1	 85036022568311 nsecs RQ    3    2
   1   1   1   2   1   1   1   1   1   1  -1  -1  -1  -1  -1  -1  -1  -1  -1  -1   1   1   1   1   1   1   1   1   1   1  -1  -1  -1  -1  -1  -1  -1  -1  -1  -1  -1  -1  -1  -1  -1  -1  -1  -1  -1  -1  -1  -1  -1  -1  -1  -1  -1  -1  -1  -1  -1  -1  -1  -1	 85036022574050 nsecs RQ    4    1
   1   1   1   3   1   1   1   1   1   1  -1  -1  -1  -1  -1  -1  -1  -1  -1  -1   1   1   1   1   1   1   1   1   1   1  -1  -1  -1  -1  -1  -1  -1  -1  -1  -1  -1  -1  -1  -1  -1  -1  -1  -1  -1  -1  -1  -1  -1  -1  -1  -1  -1  -1  -1  -1  -1  -1  -1  -1	 85036022584707 nsecs RQ    3    3
   1   1   1   2   1   1   1   1   1   1  -1  -1  -1  -1  -1  -1  -1  -1  -1  -1   1   1   1   1   1   1   1   1   1   1  -1  -1  -1  -1  -1  -1  -1  -1  -1  -1  -1  -1  -1  -1  -1  -1  -1  -1  -1  -1  -1  -1  -1  -1  -1  -1  -1  -1  -1  -1  -1  -1  -1  -1	 85036022587559 nsecs RQ    3    2
   1   1   1   3   1   1   1   1   1   1  -1  -1  -1  -1  -1  -1  -1  -1  -1  -1   1   1   1   1   1   1   1   1   1   1  -1  -1  -1  -1  -1  -1  -1  -1  -1  -1  -1  -1  -1  -1  -1  -1  -1  -1  -1  -1  -1  -1  -1  -1  -1  -1  -1  -1  -1  -1  -1  -1  -1  -1	 85036022700147 nsecs RQ    3    3
   1   1   1   2   1   1   1   1   1   1  -1  -1  -1  -1  -1  -1  -1  -1  -1  -1   1   1   1   1   1   1   1   1   1   1  -1  -1  -1  -1  -1  -1  -1  -1  -1  -1  -1  -1  -1  -1  -1  -1  -1  -1  -1  -1  -1  -1  -1  -1  -1  -1  -1  -1  -1  -1  -1  -1  -1  -1	 85036022712615 nsecs RQ    3    2
   1   1   1   3   1   1   1   1   1   1  -1  -1  -1  -1  -1  -1  -1  -1  -1  -1   1   1   1   1   1   1   1   1   1   1  -1  -1  -1  -1  -1  -1  -1  -1  -1  -1  -1  -1  -1  -1  -1  -1  -1  -1  -1  -1  -1  -1  -1  -1  -1  -1  -1  -1  -1  -1  -1  -1  -1  -1	 85036022728963 nsecs RQ    3    3
   1   1   1   2   1   1   1   1   1   1  -1  -1  -1  -1  -1  -1  -1  -1  -1  -1   1   1   1   1   1   1   1   1   1   1  -1  -1  -1  -1  -1  -1  -1  -1  -1  -1  -1  -1  -1  -1  -1  -1  -1  -1  -1  -1  -1  -1  -1  -1  -1  -1  -1  -1  -1  -1  -1  -1  -1  -1	 85036022730879 nsecs RQ    3    2
   1   1   1   1   1   1   1   1   1   1  -1  -1  -1  -1  -1  -1  -1  -1  -1  -1   1   1   1   1   1   1   1   1   1   1  -1  -1  -1  -1  -1  -1  -1  -1  -1  -1  -1  -1  -1  -1  -1  -1  -1  -1  -1  -1  -1  -1  -1  -1  -1  -1  -1  -1  -1  -1  -1  -1  -1  -1	 85036022744077 nsecs RQ    3    1
   1   1   1   2   1   1   1   1   1   1  -1  -1  -1  -1  -1  -1  -1  -1  -1  -1   1   1   1   1   1   1   1   1   1   1  -1  -1  -1  -1  -1  -1  -1  -1  -1  -1  -1  -1  -1  -1  -1  -1  -1  -1  -1  -1  -1  -1  -1  -1  -1  -1  -1  -1  -1  -1  -1  -1  -1  -1	 85036024006383 nsecs RQ    3    2
   1   1   1   1   1   1   1   1   1   1  -1  -1  -1  -1  -1  -1  -1  -1  -1  -1   1   1   1   1   1   1   1   1   1   1  -1  -1  -1  -1  -1  -1  -1  -1  -1  -1  -1  -1  -1  -1  -1  -1  -1  -1  -1  -1  -1  -1  -1  -1  -1  -1  -1  -1  -1  -1  -1  -1  -1  -1	 85036024010949 nsecs RQ    3    1
   1   1   1   2   1   1   1   1   1   1  -1  -1  -1  -1  -1  -1  -1  -1  -1  -1   1   1   1   1   1   1   1   1   1   1  -1  -1  -1  -1  -1  -1  -1  -1  -1  -1  -1  -1  -1  -1  -1  -1  -1  -1  -1  -1  -1  -1  -1  -1  -1  -1  -1  -1  -1  -1  -1  -1  -1  -1	 85036036004308 nsecs RQ    3    2
   1   1   1   1   1   1   1   1   1   1  -1  -1  -1  -1  -1  -1  -1  -1  -1  -1   1   1   1   1   1   1   1   1   1   1  -1  -1  -1  -1  -1  -1  -1  -1  -1  -1  -1  -1  -1  -1  -1  -1  -1  -1  -1  -1  -1  -1  -1  -1  -1  -1  -1  -1  -1  -1  -1  -1  -1  -1	 85036036009159 nsecs RQ    3    1
   1   1   2   1   1   1   1   1   1   1  -1  -1  -1  -1  -1  -1  -1  -1  -1  -1   1   1   1   1   1   1   1   1   1   1  -1  -1  -1  -1  -1  -1  -1  -1  -1  -1  -1  -1  -1  -1  -1  -1  -1  -1  -1  -1  -1  -1  -1  -1  -1  -1  -1  -1  -1  -1  -1  -1  -1  -1	 85036041562918 nsecs RQ    2    2
   1   1   1   1   1   1   1   1   1   1  -1  -1  -1  -1  -1  -1  -1  -1  -1  -1   1   1   1   1   1   1   1   1   1   1  -1  -1  -1  -1  -1  -1  -1  -1  -1  -1  -1  -1  -1  -1  -1  -1  -1  -1  -1  -1  -1  -1  -1  -1  -1  -1  -1  -1  -1  -1  -1  -1  -1  -1	 85036041590621 nsecs RQ    2    1
   1   1   1   2   1   1   1   1   1   1  -1  -1  -1  -1  -1  -1  -1  -1  -1  -1   1   1   1   1   1   1   1   1   1   1  -1  -1  -1  -1  -1  -1  -1  -1  -1  -1  -1  -1  -1  -1  -1  -1  -1  -1  -1  -1  -1  -1  -1  -1  -1  -1  -1  -1  -1  -1  -1  -1  -1  -1	 85036044003855 nsecs RQ    3    2
   1   1   1   1   1   1   1   1   1   1  -1  -1  -1  -1  -1  -1  -1  -1  -1  -1   1   1   1   1   1   1   1   1   1   1  -1  -1  -1  -1  -1  -1  -1  -1  -1  -1  -1  -1  -1  -1  -1  -1  -1  -1  -1  -1  -1  -1  -1  -1  -1  -1  -1  -1  -1  -1  -1  -1  -1  -1	 85036044007874 nsecs RQ    3    1
   1   2   1   1   1   1   1   1   1   1  -1  -1  -1  -1  -1  -1  -1  -1  -1  -1   1   1   1   1   1   1   1   1   1   1  -1  -1  -1  -1  -1  -1  -1  -1  -1  -1  -1  -1  -1  -1  -1  -1  -1  -1  -1  -1  -1  -1  -1  -1  -1  -1  -1  -1  -1  -1  -1  -1  -1  -1	 85036052004188 nsecs RQ    1    2
   1   2   1   2   1   1   1   1   1   1  -1  -1  -1  -1  -1  -1  -1  -1  -1  -1   1   1   1   1   1   1   1   1   1   1  -1  -1  -1  -1  -1  -1  -1  -1  -1  -1  -1  -1  -1  -1  -1  -1  -1  -1  -1  -1  -1  -1  -1  -1  -1  -1  -1  -1  -1  -1  -1  -1  -1  -1	 85036052004250 nsecs RQ    3    2
   1   2   1   1   1   1   1   1   1   1  -1  -1  -1  -1  -1  -1  -1  -1  -1  -1   1   1   1   1   1   1   1   1   1   1  -1  -1  -1  -1  -1  -1  -1  -1  -1  -1  -1  -1  -1  -1  -1  -1  -1  -1  -1  -1  -1  -1  -1  -1  -1  -1  -1  -1  -1  -1  -1  -1  -1  -1	 85036052007370 nsecs RQ    3    1
   1   1   1   1   1   1   1   1   1   1  -1  -1  -1  -1  -1  -1  -1  -1  -1  -1   1   1   1   1   1   1   1   1   1   1  -1  -1  -1  -1  -1  -1  -1  -1  -1  -1  -1  -1  -1  -1  -1  -1  -1  -1  -1  -1  -1  -1  -1  -1  -1  -1  -1  -1  -1  -1  -1  -1  -1  -1	 85036052013582 nsecs RQ    1    1
   1   1   2   1   1   1   1   1   1   1  -1  -1  -1  -1  -1  -1  -1  -1  -1  -1   1   1   1   1   1   1   1   1   1   1  -1  -1  -1  -1  -1  -1  -1  -1  -1  -1  -1  -1  -1  -1  -1  -1  -1  -1  -1  -1  -1  -1  -1  -1  -1  -1  -1  -1  -1  -1  -1  -1  -1  -1	 85036056006128 nsecs RQ    2    2
   1   1   1   1   1   1   1   1   1   1  -1  -1  -1  -1  -1  -1  -1  -1  -1  -1   1   1   1   1   1   1   1   1   1   1  -1  -1  -1  -1  -1  -1  -1  -1  -1  -1  -1  -1  -1  -1  -1  -1  -1  -1  -1  -1  -1  -1  -1  -1  -1  -1  -1  -1  -1  -1  -1  -1  -1  -1	 85036056012555 nsecs RQ    2    1
   1   1   1   1   1   1   1   1   1   1  -1  -1  -1  -1  -1  -1  -1  -1  -1  -1   1   1   1   1   1   2   1   1   1   1  -1  -1  -1  -1  -1  -1  -1  -1  -1  -1  -1  -1  -1  -1  -1  -1  -1  -1  -1  -1  -1  -1  -1  -1  -1  -1  -1  -1  -1  -1  -1  -1  -1  -1	 85036062687581 nsecs RQ   25    2
   1   1   1   1   1   1   1   1   1   1  -1  -1  -1  -1  -1  -1  -1  -1  -1  -1   1   1   1   1   1   1   1   1   1   1  -1  -1  -1  -1  -1  -1  -1  -1  -1  -1  -1  -1  -1  -1  -1  -1  -1  -1  -1  -1  -1  -1  -1  -1  -1  -1  -1  -1  -1  -1  -1  -1  -1  -1	 85036062694902 nsecs RQ   25    1
   1   1   2   1   1   1   1   1   1   1  -1  -1  -1  -1  -1  -1  -1  -1  -1  -1   1   1   1   1   1   1   1   1   1   1  -1  -1  -1  -1  -1  -1  -1  -1  -1  -1  -1  -1  -1  -1  -1  -1  -1  -1  -1  -1  -1  -1  -1  -1  -1  -1  -1  -1  -1  -1  -1  -1  -1  -1	 85036064004090 nsecs RQ    2    2
   1   1   1   1   1   1   1   1   1   1  -1  -1  -1  -1  -1  -1  -1  -1  -1  -1   1   1   1   1   1   1   1   1   1   1  -1  -1  -1  -1  -1  -1  -1  -1  -1  -1  -1  -1  -1  -1  -1  -1  -1  -1  -1  -1  -1  -1  -1  -1  -1  -1  -1  -1  -1  -1  -1  -1  -1  -1	 85036064008635 nsecs RQ    2    1
   1   1   2   1   1   1   1   1   1   1  -1  -1  -1  -1  -1  -1  -1  -1  -1  -1   1   1   1   1   1   1   1   1   1   1  -1  -1  -1  -1  -1  -1  -1  -1  -1  -1  -1  -1  -1  -1  -1  -1  -1  -1  -1  -1  -1  -1  -1  -1  -1  -1  -1  -1  -1  -1  -1  -1  -1  -1	 85036072003795 nsecs RQ    2    2
   1   1   1   1   1   1   1   1   1   1  -1  -1  -1  -1  -1  -1  -1  -1  -1  -1   1   1   1   1   1   1   1   1   1   1  -1  -1  -1  -1  -1  -1  -1  -1  -1  -1  -1  -1  -1  -1  -1  -1  -1  -1  -1  -1  -1  -1  -1  -1  -1  -1  -1  -1  -1  -1  -1  -1  -1  -1	 85036072008076 nsecs RQ    2    1
   1   1   2   1   1   1   1   1   1   1  -1  -1  -1  -1  -1  -1  -1  -1  -1  -1   1   1   1   1   1   1   1   1   1   1  -1  -1  -1  -1  -1  -1  -1  -1  -1  -1  -1  -1  -1  -1  -1  -1  -1  -1  -1  -1  -1  -1  -1  -1  -1  -1  -1  -1  -1  -1  -1  -1  -1  -1	 85036084004025 nsecs RQ    2    2
   1   1   1   1   1   1   1   1   1   1  -1  -1  -1  -1  -1  -1  -1  -1  -1  -1   1   1   1   1   1   1   1   1   1   1  -1  -1  -1  -1  -1  -1  -1  -1  -1  -1  -1  -1  -1  -1  -1  -1  -1  -1  -1  -1  -1  -1  -1  -1  -1  -1  -1  -1  -1  -1  -1  -1  -1  -1	 85036084006681 nsecs RQ    2    1
   2   1   1   1   1   1   1   1   1   1  -1  -1  -1  -1  -1  -1  -1  -1  -1  -1   1   1   1   1   1   1   1   1   1   1  -1  -1  -1  -1  -1  -1  -1  -1  -1  -1  -1  -1  -1  -1  -1  -1  -1  -1  -1  -1  -1  -1  -1  -1  -1  -1  -1  -1  -1  -1  -1  -1  -1  -1	 85036128005370 nsecs RQ    0    2
   1   1   1   1   1   1   1   1   1   1  -1  -1  -1  -1  -1  -1  -1  -1  -1  -1   1   1   1   1   1   1   1   1   1   1  -1  -1  -1  -1  -1  -1  -1  -1  -1  -1  -1  -1  -1  -1  -1  -1  -1  -1  -1  -1  -1  -1  -1  -1  -1  -1  -1  -1  -1  -1  -1  -1  -1  -1	 85036128010222 nsecs RQ    0    1
   1   2   1   1   1   1   1   1   1   1  -1  -1  -1  -1  -1  -1  -1  -1  -1  -1   1   1   1   1   1   1   1   1   1   1  -1  -1  -1  -1  -1  -1  -1  -1  -1  -1  -1  -1  -1  -1  -1  -1  -1  -1  -1  -1  -1  -1  -1  -1  -1  -1  -1  -1  -1  -1  -1  -1  -1  -1	 85036172004997 nsecs RQ    1    2
   1   1   1   1   1   1   1   1   1   1  -1  -1  -1  -1  -1  -1  -1  -1  -1  -1   1   1   1   1   1   1   1   1   1   1  -1  -1  -1  -1  -1  -1  -1  -1  -1  -1  -1  -1  -1  -1  -1  -1  -1  -1  -1  -1  -1  -1  -1  -1  -1  -1  -1  -1  -1  -1  -1  -1  -1  -1	 85036172014755 nsecs RQ    1    1
   1   1   2   1   1   1   1   1   1   1  -1  -1  -1  -1  -1  -1  -1  -1  -1  -1   1   1   1   1   1   1   1   1   1   1  -1  -1  -1  -1  -1  -1  -1  -1  -1  -1  -1  -1  -1  -1  -1  -1  -1  -1  -1  -1  -1  -1  -1  -1  -1  -1  -1  -1  -1  -1  -1  -1  -1  -1	 85036241792303 nsecs RQ    2    2
   1   1   1   1   1   1   1   1   1   1  -1  -1  -1  -1  -1  -1  -1  -1  -1  -1   1   1   1   1   1   1   1   1   1   1  -1  -1  -1  -1  -1  -1  -1  -1  -1  -1  -1  -1  -1  -1  -1  -1  -1  -1  -1  -1  -1  -1  -1  -1  -1  -1  -1  -1  -1  -1  -1  -1  -1  -1	 85036241817989 nsecs RQ    2    1
   1   1   2   1   1   1   1   1   1   1  -1  -1  -1  -1  -1  -1  -1  -1  -1  -1   1   1   1   1   1   1   1   1   1   1  -1  -1  -1  -1  -1  -1  -1  -1  -1  -1  -1  -1  -1  -1  -1  -1  -1  -1  -1  -1  -1  -1  -1  -1  -1  -1  -1  -1  -1  -1  -1  -1  -1  -1	 85036244004611 nsecs RQ    2    2
   1   1   1   1   1   1   1   1   1   1  -1  -1  -1  -1  -1  -1  -1  -1  -1  -1   1   1   1   1   1   1   1   1   1   1  -1  -1  -1  -1  -1  -1  -1  -1  -1  -1  -1  -1  -1  -1  -1  -1  -1  -1  -1  -1  -1  -1  -1  -1  -1  -1  -1  -1  -1  -1  -1  -1  -1  -1	 85036244007843 nsecs RQ    2    1
   1   1   2   1   1   1   1   1   1   1  -1  -1  -1  -1  -1  -1  -1  -1  -1  -1   1   1   1   1   1   1   1   1   1   1  -1  -1  -1  -1  -1  -1  -1  -1  -1  -1  -1  -1  -1  -1  -1  -1  -1  -1  -1  -1  -1  -1  -1  -1  -1  -1  -1  -1  -1  -1  -1  -1  -1  -1	 85036252003770 nsecs RQ    2    2
   1   2   2   1   1   1   1   1   1   1  -1  -1  -1  -1  -1  -1  -1  -1  -1  -1   1   1   1   1   1   1   1   1   1   1  -1  -1  -1  -1  -1  -1  -1  -1  -1  -1  -1  -1  -1  -1  -1  -1  -1  -1  -1  -1  -1  -1  -1  -1  -1  -1  -1  -1  -1  -1  -1  -1  -1  -1	 85036252004584 nsecs RQ    1    2
   1   2   1   1   1   1   1   1   1   1  -1  -1  -1  -1  -1  -1  -1  -1  -1  -1   1   1   1   1   1   1   1   1   1   1  -1  -1  -1  -1  -1  -1  -1  -1  -1  -1  -1  -1  -1  -1  -1  -1  -1  -1  -1  -1  -1  -1  -1  -1  -1  -1  -1  -1  -1  -1  -1  -1  -1  -1	 85036252008637 nsecs RQ    2    1
   1   1   1   1   1   1   1   1   1   1  -1  -1  -1  -1  -1  -1  -1  -1  -1  -1   1   1   1   1   1   1   1   1   1   1  -1  -1  -1  -1  -1  -1  -1  -1  -1  -1  -1  -1  -1  -1  -1  -1  -1  -1  -1  -1  -1  -1  -1  -1  -1  -1  -1  -1  -1  -1  -1  -1  -1  -1	 85036252010514 nsecs RQ    1    1
   1   1   2   1   1   1   1   1   1   1  -1  -1  -1  -1  -1  -1  -1  -1  -1  -1   1   1   1   1   1   1   1   1   1   1  -1  -1  -1  -1  -1  -1  -1  -1  -1  -1  -1  -1  -1  -1  -1  -1  -1  -1  -1  -1  -1  -1  -1  -1  -1  -1  -1  -1  -1  -1  -1  -1  -1  -1	 85036260003933 nsecs RQ    2    2
   1   1   1   1   1   1   1   1   1   1  -1  -1  -1  -1  -1  -1  -1  -1  -1  -1   1   1   1   1   1   1   1   1   1   1  -1  -1  -1  -1  -1  -1  -1  -1  -1  -1  -1  -1  -1  -1  -1  -1  -1  -1  -1  -1  -1  -1  -1  -1  -1  -1  -1  -1  -1  -1  -1  -1  -1  -1	 85036260008753 nsecs RQ    2    1
   1   1   2   1   1   1   1   1   1   1  -1  -1  -1  -1  -1  -1  -1  -1  -1  -1   1   1   1   1   1   1   1   1   1   1  -1  -1  -1  -1  -1  -1  -1  -1  -1  -1  -1  -1  -1  -1  -1  -1  -1  -1  -1  -1  -1  -1  -1  -1  -1  -1  -1  -1  -1  -1  -1  -1  -1  -1	 85036268003993 nsecs RQ    2    2
   1   1   1   1   1   1   1   1   1   1  -1  -1  -1  -1  -1  -1  -1  -1  -1  -1   1   1   1   1   1   1   1   1   1   1  -1  -1  -1  -1  -1  -1  -1  -1  -1  -1  -1  -1  -1  -1  -1  -1  -1  -1  -1  -1  -1  -1  -1  -1  -1  -1  -1  -1  -1  -1  -1  -1  -1  -1	 85036268007710 nsecs RQ    2    1
   1   1   2   1   1   1   1   1   1   1  -1  -1  -1  -1  -1  -1  -1  -1  -1  -1   1   1   1   1   1   1   1   1   1   1  -1  -1  -1  -1  -1  -1  -1  -1  -1  -1  -1  -1  -1  -1  -1  -1  -1  -1  -1  -1  -1  -1  -1  -1  -1  -1  -1  -1  -1  -1  -1  -1  -1  -1	 85036276004022 nsecs RQ    2    2
   1   1   1   1   1   1   1   1   1   1  -1  -1  -1  -1  -1  -1  -1  -1  -1  -1   1   1   1   1   1   1   1   1   1   1  -1  -1  -1  -1  -1  -1  -1  -1  -1  -1  -1  -1  -1  -1  -1  -1  -1  -1  -1  -1  -1  -1  -1  -1  -1  -1  -1  -1  -1  -1  -1  -1  -1  -1	 85036276006741 nsecs RQ    2    1
   1   2   1   1   1   1   1   1   1   1  -1  -1  -1  -1  -1  -1  -1  -1  -1  -1   1   1   1   1   1   1   1   1   1   1  -1  -1  -1  -1  -1  -1  -1  -1  -1  -1  -1  -1  -1  -1  -1  -1  -1  -1  -1  -1  -1  -1  -1  -1  -1  -1  -1  -1  -1  -1  -1  -1  -1  -1	 85036296004107 nsecs RQ    1    2
   1   1   1   1   1   1   1   1   1   1  -1  -1  -1  -1  -1  -1  -1  -1  -1  -1   1   1   1   1   1   1   1   1   1   1  -1  -1  -1  -1  -1  -1  -1  -1  -1  -1  -1  -1  -1  -1  -1  -1  -1  -1  -1  -1  -1  -1  -1  -1  -1  -1  -1  -1  -1  -1  -1  -1  -1  -1	 85036296013904 nsecs RQ    1    1
   2   1   1   1   1   1   1   1   1   1  -1  -1  -1  -1  -1  -1  -1  -1  -1  -1   1   1   1   1   1   1   1   1   1   1  -1  -1  -1  -1  -1  -1  -1  -1  -1  -1  -1  -1  -1  -1  -1  -1  -1  -1  -1  -1  -1  -1  -1  -1  -1  -1  -1  -1  -1  -1  -1  -1  -1  -1	 85036332005032 nsecs RQ    0    2
   1   1   1   1   1   1   1   1   1   1  -1  -1  -1  -1  -1  -1  -1  -1  -1  -1   1   1   1   1   1   1   1   1   1   1  -1  -1  -1  -1  -1  -1  -1  -1  -1  -1  -1  -1  -1  -1  -1  -1  -1  -1  -1  -1  -1  -1  -1  -1  -1  -1  -1  -1  -1  -1  -1  -1  -1  -1	 85036332009183 nsecs RQ    0    1
   2   1   1   1   1   1   1   1   1   1  -1  -1  -1  -1  -1  -1  -1  -1  -1  -1   1   1   1   1   1   1   1   1   1   1  -1  -1  -1  -1  -1  -1  -1  -1  -1  -1  -1  -1  -1  -1  -1  -1  -1  -1  -1  -1  -1  -1  -1  -1  -1  -1  -1  -1  -1  -1  -1  -1  -1  -1	 85036380002242 nsecs RQ    0    2
   1   1   1   1   1   1   1   1   1   1  -1  -1  -1  -1  -1  -1  -1  -1  -1  -1   1   1   1   1   1   1   1   1   1   1  -1  -1  -1  -1  -1  -1  -1  -1  -1  -1  -1  -1  -1  -1  -1  -1  -1  -1  -1  -1  -1  -1  -1  -1  -1  -1  -1  -1  -1  -1  -1  -1  -1  -1	 85036380008063 nsecs RQ    0    1
   1   2   1   1   1   1   1   1   1   1  -1  -1  -1  -1  -1  -1  -1  -1  -1  -1   1   1   1   1   1   1   1   1   1   1  -1  -1  -1  -1  -1  -1  -1  -1  -1  -1  -1  -1  -1  -1  -1  -1  -1  -1  -1  -1  -1  -1  -1  -1  -1  -1  -1  -1  -1  -1  -1  -1  -1  -1	 85036404001892 nsecs RQ    1    2
   1   1   1   1   1   1   1   1   1   1  -1  -1  -1  -1  -1  -1  -1  -1  -1  -1   1   1   1   1   1   1   1   1   1   1  -1  -1  -1  -1  -1  -1  -1  -1  -1  -1  -1  -1  -1  -1  -1  -1  -1  -1  -1  -1  -1  -1  -1  -1  -1  -1  -1  -1  -1  -1  -1  -1  -1  -1	 85036404007255 nsecs RQ    1    1
   1   2   1   1   1   1   1   1   1   1  -1  -1  -1  -1  -1  -1  -1  -1  -1  -1   1   1   1   1   1   1   1   1   1   1  -1  -1  -1  -1  -1  -1  -1  -1  -1  -1  -1  -1  -1  -1  -1  -1  -1  -1  -1  -1  -1  -1  -1  -1  -1  -1  -1  -1  -1  -1  -1  -1  -1  -1	 85036420005139 nsecs RQ    1    2
   1   1   1   1   1   1   1   1   1   1  -1  -1  -1  -1  -1  -1  -1  -1  -1  -1   1   1   1   1   1   1   1   1   1   1  -1  -1  -1  -1  -1  -1  -1  -1  -1  -1  -1  -1  -1  -1  -1  -1  -1  -1  -1  -1  -1  -1  -1  -1  -1  -1  -1  -1  -1  -1  -1  -1  -1  -1	 85036420015021 nsecs RQ    1    1
   1   1   2   1   1   1   1   1   1   1  -1  -1  -1  -1  -1  -1  -1  -1  -1  -1   1   1   1   1   1   1   1   1   1   1  -1  -1  -1  -1  -1  -1  -1  -1  -1  -1  -1  -1  -1  -1  -1  -1  -1  -1  -1  -1  -1  -1  -1  -1  -1  -1  -1  -1  -1  -1  -1  -1  -1  -1	 85036442019577 nsecs RQ    2    2
   1   1   1   1   1   1   1   1   1   1  -1  -1  -1  -1  -1  -1  -1  -1  -1  -1   1   1   1   1   1   1   1   1   1   1  -1  -1  -1  -1  -1  -1  -1  -1  -1  -1  -1  -1  -1  -1  -1  -1  -1  -1  -1  -1  -1  -1  -1  -1  -1  -1  -1  -1  -1  -1  -1  -1  -1  -1	 85036442043699 nsecs RQ    2    1
   1   1   2   1   1   1   1   1   1   1  -1  -1  -1  -1  -1  -1  -1  -1  -1  -1   1   1   1   1   1   1   1   1   1   1  -1  -1  -1  -1  -1  -1  -1  -1  -1  -1  -1  -1  -1  -1  -1  -1  -1  -1  -1  -1  -1  -1  -1  -1  -1  -1  -1  -1  -1  -1  -1  -1  -1  -1	 85036444004540 nsecs RQ    2    2
   1   1   1   1   1   1   1   1   1   1  -1  -1  -1  -1  -1  -1  -1  -1  -1  -1   1   1   1   1   1   1   1   1   1   1  -1  -1  -1  -1  -1  -1  -1  -1  -1  -1  -1  -1  -1  -1  -1  -1  -1  -1  -1  -1  -1  -1  -1  -1  -1  -1  -1  -1  -1  -1  -1  -1  -1  -1	 85036444007574 nsecs RQ    2    1
   1   1   2   1   1   1   1   1   1   1  -1  -1  -1  -1  -1  -1  -1  -1  -1  -1   1   1   1   1   1   1   1   1   1   1  -1  -1  -1  -1  -1  -1  -1  -1  -1  -1  -1  -1  -1  -1  -1  -1  -1  -1  -1  -1  -1  -1  -1  -1  -1  -1  -1  -1  -1  -1  -1  -1  -1  -1	 85036452003877 nsecs RQ    2    2
   1   1   1   1   1   1   1   1   1   1  -1  -1  -1  -1  -1  -1  -1  -1  -1  -1   1   1   1   1   1   1   1   1   1   1  -1  -1  -1  -1  -1  -1  -1  -1  -1  -1  -1  -1  -1  -1  -1  -1  -1  -1  -1  -1  -1  -1  -1  -1  -1  -1  -1  -1  -1  -1  -1  -1  -1  -1	 85036452008555 nsecs RQ    2    1
   1   1   2   1   1   1   1   1   1   1  -1  -1  -1  -1  -1  -1  -1  -1  -1  -1   1   1   1   1   1   1   1   1   1   1  -1  -1  -1  -1  -1  -1  -1  -1  -1  -1  -1  -1  -1  -1  -1  -1  -1  -1  -1  -1  -1  -1  -1  -1  -1  -1  -1  -1  -1  -1  -1  -1  -1  -1	 85036460003838 nsecs RQ    2    2
   1   1   1   1   1   1   1   1   1   1  -1  -1  -1  -1  -1  -1  -1  -1  -1  -1   1   1   1   1   1   1   1   1   1   1  -1  -1  -1  -1  -1  -1  -1  -1  -1  -1  -1  -1  -1  -1  -1  -1  -1  -1  -1  -1  -1  -1  -1  -1  -1  -1  -1  -1  -1  -1  -1  -1  -1  -1	 85036460008048 nsecs RQ    2    1
   1   1   1   2   1   1   1   1   1   1  -1  -1  -1  -1  -1  -1  -1  -1  -1  -1   1   1   1   1   1   1   1   1   1   1  -1  -1  -1  -1  -1  -1  -1  -1  -1  -1  -1  -1  -1  -1  -1  -1  -1  -1  -1  -1  -1  -1  -1  -1  -1  -1  -1  -1  -1  -1  -1  -1  -1  -1	 85036467190223 nsecs RQ    3    2
   1   1   1   1   1   1   1   1   1   1  -1  -1  -1  -1  -1  -1  -1  -1  -1  -1   1   1   1   1   1   1   1   1   1   1  -1  -1  -1  -1  -1  -1  -1  -1  -1  -1  -1  -1  -1  -1  -1  -1  -1  -1  -1  -1  -1  -1  -1  -1  -1  -1  -1  -1  -1  -1  -1  -1  -1  -1	 85036467218856 nsecs RQ    3    1
   1   1   2   1   1   1   1   1   1   1  -1  -1  -1  -1  -1  -1  -1  -1  -1  -1   1   1   1   1   1   1   1   1   1   1  -1  -1  -1  -1  -1  -1  -1  -1  -1  -1  -1  -1  -1  -1  -1  -1  -1  -1  -1  -1  -1  -1  -1  -1  -1  -1  -1  -1  -1  -1  -1  -1  -1  -1	 85036468003979 nsecs RQ    2    2
   1   1   1   1   1   1   1   1   1   1  -1  -1  -1  -1  -1  -1  -1  -1  -1  -1   1   1   1   1   1   1   1   1   1   1  -1  -1  -1  -1  -1  -1  -1  -1  -1  -1  -1  -1  -1  -1  -1  -1  -1  -1  -1  -1  -1  -1  -1  -1  -1  -1  -1  -1  -1  -1  -1  -1  -1  -1	 85036468006679 nsecs RQ    2    1
   1   1   2   1   1   1   1   1   1   1  -1  -1  -1  -1  -1  -1  -1  -1  -1  -1   1   1   1   1   1   1   1   1   1   1  -1  -1  -1  -1  -1  -1  -1  -1  -1  -1  -1  -1  -1  -1  -1  -1  -1  -1  -1  -1  -1  -1  -1  -1  -1  -1  -1  -1  -1  -1  -1  -1  -1  -1	 85036474798525 nsecs RQ    2    2
   1   1   3   1   1   1   1   1   1   1  -1  -1  -1  -1  -1  -1  -1  -1  -1  -1   1   1   1   1   1   1   1   1   1   1  -1  -1  -1  -1  -1  -1  -1  -1  -1  -1  -1  -1  -1  -1  -1  -1  -1  -1  -1  -1  -1  -1  -1  -1  -1  -1  -1  -1  -1  -1  -1  -1  -1  -1	 85036474881137 nsecs RQ    2    3
   1   1   2   1   1   1   1   1   1   1  -1  -1  -1  -1  -1  -1  -1  -1  -1  -1   1   1   1   1   1   1   1   1   1   1  -1  -1  -1  -1  -1  -1  -1  -1  -1  -1  -1  -1  -1  -1  -1  -1  -1  -1  -1  -1  -1  -1  -1  -1  -1  -1  -1  -1  -1  -1  -1  -1  -1  -1	 85036474883553 nsecs RQ    2    2
   1   1   3   1   1   1   1   1   1   1  -1  -1  -1  -1  -1  -1  -1  -1  -1  -1   1   1   1   1   1   1   1   1   1   1  -1  -1  -1  -1  -1  -1  -1  -1  -1  -1  -1  -1  -1  -1  -1  -1  -1  -1  -1  -1  -1  -1  -1  -1  -1  -1  -1  -1  -1  -1  -1  -1  -1  -1	 85036474915823 nsecs RQ    2    3
   1   1   2   1   1   1   1   1   1   1  -1  -1  -1  -1  -1  -1  -1  -1  -1  -1   1   1   1   1   1   1   1   1   1   1  -1  -1  -1  -1  -1  -1  -1  -1  -1  -1  -1  -1  -1  -1  -1  -1  -1  -1  -1  -1  -1  -1  -1  -1  -1  -1  -1  -1  -1  -1  -1  -1  -1  -1	 85036474919893 nsecs RQ    2    2
   1   1   2   1   1   1   1   1   1   1  -1  -1  -1  -1  -1  -1  -1  -1  -1  -1   1   1   1   2   1   1   1   1   1   1  -1  -1  -1  -1  -1  -1  -1  -1  -1  -1  -1  -1  -1  -1  -1  -1  -1  -1  -1  -1  -1  -1  -1  -1  -1  -1  -1  -1  -1  -1  -1  -1  -1  -1	 85036474922392 nsecs RQ   23    2
   1   1   1   1   1   1   1   1   1   1  -1  -1  -1  -1  -1  -1  -1  -1  -1  -1   1   1   1   2   1   1   1   1   1   1  -1  -1  -1  -1  -1  -1  -1  -1  -1  -1  -1  -1  -1  -1  -1  -1  -1  -1  -1  -1  -1  -1  -1  -1  -1  -1  -1  -1  -1  -1  -1  -1  -1  -1	 85036474923481 nsecs RQ    2    1
   1   1   1   1   1   1   1   1   1   1  -1  -1  -1  -1  -1  -1  -1  -1  -1  -1   1   1   1   2   1   2   1   1   1   1  -1  -1  -1  -1  -1  -1  -1  -1  -1  -1  -1  -1  -1  -1  -1  -1  -1  -1  -1  -1  -1  -1  -1  -1  -1  -1  -1  -1  -1  -1  -1  -1  -1  -1	 85036475420164 nsecs RQ   25    2
   1   1   1   1   1   1   1   1   1   1  -1  -1  -1  -1  -1  -1  -1  -1  -1  -1   1   1   1   2   1   3   1   1   1   1  -1  -1  -1  -1  -1  -1  -1  -1  -1  -1  -1  -1  -1  -1  -1  -1  -1  -1  -1  -1  -1  -1  -1  -1  -1  -1  -1  -1  -1  -1  -1  -1  -1  -1	 85036475460105 nsecs RQ   25    3
   1   1   1   1   1   1   1   1   1   1  -1  -1  -1  -1  -1  -1  -1  -1  -1  -1   1   1   1   2   1   2   1   1   1   1  -1  -1  -1  -1  -1  -1  -1  -1  -1  -1  -1  -1  -1  -1  -1  -1  -1  -1  -1  -1  -1  -1  -1  -1  -1  -1  -1  -1  -1  -1  -1  -1  -1  -1	 85036475462826 nsecs RQ   25    2
   1   1   1   1   1   1   1   1   1   1  -1  -1  -1  -1  -1  -1  -1  -1  -1  -1   1   1   1   2   1   1   1   1   1   1  -1  -1  -1  -1  -1  -1  -1  -1  -1  -1  -1  -1  -1  -1  -1  -1  -1  -1  -1  -1  -1  -1  -1  -1  -1  -1  -1  -1  -1  -1  -1  -1  -1  -1	 85036475469997 nsecs RQ   25    1
   1   1   1   1   2   1   1   1   1   1  -1  -1  -1  -1  -1  -1  -1  -1  -1  -1   1   1   1   2   1   1   1   1   1   1  -1  -1  -1  -1  -1  -1  -1  -1  -1  -1  -1  -1  -1  -1  -1  -1  -1  -1  -1  -1  -1  -1  -1  -1  -1  -1  -1  -1  -1  -1  -1  -1  -1  -1	 85036475486693 nsecs RQ    4    2
   1   1   1   1   2   1   1   1   1   1  -1  -1  -1  -1  -1  -1  -1  -1  -1  -1   1   1   1   1   1   1   1   1   1   1  -1  -1  -1  -1  -1  -1  -1  -1  -1  -1  -1  -1  -1  -1  -1  -1  -1  -1  -1  -1  -1  -1  -1  -1  -1  -1  -1  -1  -1  -1  -1  -1  -1  -1	 85036475501366 nsecs RQ   23    1
   1   1   1   1   3   1   1   1   1   1  -1  -1  -1  -1  -1  -1  -1  -1  -1  -1   1   1   1   1   1   1   1   1   1   1  -1  -1  -1  -1  -1  -1  -1  -1  -1  -1  -1  -1  -1  -1  -1  -1  -1  -1  -1  -1  -1  -1  -1  -1  -1  -1  -1  -1  -1  -1  -1  -1  -1  -1	 85036475560354 nsecs RQ    4    3
   1   1   1   1   2   1   1   1   1   1  -1  -1  -1  -1  -1  -1  -1  -1  -1  -1   1   1   1   1   1   1   1   1   1   1  -1  -1  -1  -1  -1  -1  -1  -1  -1  -1  -1  -1  -1  -1  -1  -1  -1  -1  -1  -1  -1  -1  -1  -1  -1  -1  -1  -1  -1  -1  -1  -1  -1  -1	 85036475564275 nsecs RQ    4    2
   1   1   1   1   2   2   1   1   1   1  -1  -1  -1  -1  -1  -1  -1  -1  -1  -1   1   1   1   1   1   1   1   1   1   1  -1  -1  -1  -1  -1  -1  -1  -1  -1  -1  -1  -1  -1  -1  -1  -1  -1  -1  -1  -1  -1  -1  -1  -1  -1  -1  -1  -1  -1  -1  -1  -1  -1  -1	 85036475566375 nsecs RQ    5    2
   1   1   1   1   1   2   1   1   1   1  -1  -1  -1  -1  -1  -1  -1  -1  -1  -1   1   1   1   1   1   1   1   1   1   1  -1  -1  -1  -1  -1  -1  -1  -1  -1  -1  -1  -1  -1  -1  -1  -1  -1  -1  -1  -1  -1  -1  -1  -1  -1  -1  -1  -1  -1  -1  -1  -1  -1  -1	 85036475567436 nsecs RQ    4    1
   1   1   2   1   1   2   1   1   1   1  -1  -1  -1  -1  -1  -1  -1  -1  -1  -1   1   1   1   1   1   1   1   1   1   1  -1  -1  -1  -1  -1  -1  -1  -1  -1  -1  -1  -1  -1  -1  -1  -1  -1  -1  -1  -1  -1  -1  -1  -1  -1  -1  -1  -1  -1  -1  -1  -1  -1  -1	 85036476007813 nsecs RQ    2    2
   1   1   1   1   1   2   1   1   1   1  -1  -1  -1  -1  -1  -1  -1  -1  -1  -1   1   1   1   1   1   1   1   1   1   1  -1  -1  -1  -1  -1  -1  -1  -1  -1  -1  -1  -1  -1  -1  -1  -1  -1  -1  -1  -1  -1  -1  -1  -1  -1  -1  -1  -1  -1  -1  -1  -1  -1  -1	 85036476012599 nsecs RQ    2    1
