  -1  -1  -1  -1  -1  -1  -1  -1  -1   0  -1  -1  -1  -1  -1  -1  -1  -1  -1  -1  -1  -1  -1  -1  -1  -1  -1  -1  -1  -1  -1  -1  -1  -1  -1  -1  -1  -1  -1  -1  -1  -1  -1  -1  -1  -1  -1  -1  -1  -1  -1  -1  -1  -1  -1  -1  -1  -1  -1  -1  -1  -1  -1  -1	 84997401388175 nsecs RQ    9    0
  -1  -1  -1  -1  -1  -1  -1  -1  -1   1  -1  -1  -1  -1  -1  -1  -1  -1  -1  -1  -1  -1  -1  -1  -1  -1  -1  -1  -1  -1  -1  -1  -1  -1  -1  -1  -1  -1  -1  -1  -1  -1  -1  -1  -1  -1  -1  -1  -1  -1  -1  -1  -1  -1  -1  -1  -1  -1  -1  -1  -1  -1  -1  -1	 84997401390663 nsecs RQ    9    1
  -1  -1  -1  -1  -1  -1  -1  -1  -1   1  -1  -1  -1  -1  -1  -1  -1  -1  -1  -1  -1  -1  -1  -1  -1  -1  -1   1  -1  -1  -1  -1  -1  -1  -1  -1  -1  -1  -1  -1  -1  -1  -1  -1  -1  -1  -1  -1  -1  -1  -1  -1  -1  -1  -1  -1  -1  -1  -1  -1  -1  -1  -1  -1	 84997401397175 nsecs RQ   27    1
  -1  -1  -1  -1  -1  -1  -1  -1  -1   0  -1  -1  -1  -1  -1  -1  -1  -1  -1  -1  -1  -1  -1  -1  -1  -1  -1   1  -1  -1  -1  -1  -1  -1  -1  -1  -1  -1  -1  -1  -1  -1  -1  -1  -1  -1  -1  -1  -1  -1  -1  -1  -1  -1  -1  -1  -1  -1  -1  -1  -1  -1  -1  -1	 84997401399855 nsecs RQ    9    0
   1  -1  -1  -1  -1  -1  -1  -1  -1   0  -1  -1  -1  -1  -1  -1  -1  -1  -1  -1  -1  -1  -1  -1  -1  -1  -1   1  -1  -1  -1  -1  -1  -1  -1  -1  -1  -1  -1  -1  -1  -1  -1  -1  -1  -1  -1  -1  -1  -1  -1  -1  -1  -1  -1  -1  -1  -1  -1  -1  -1  -1  -1  -1	 84997401688511 nsecs RQ    0    1
   1   1  -1  -1  -1  -1  -1  -1  -1   0  -1  -1  -1  -1  -1  -1  -1  -1  -1  -1  -1  -1  -1  -1  -1  -1  -1   1  -1  -1  -1  -1  -1  -1  -1  -1  -1  -1  -1  -1  -1  -1  -1  -1  -1  -1  -1  -1  -1  -1  -1  -1  -1  -1  -1  -1  -1  -1  -1  -1  -1  -1  -1  -1	 84997401786763 nsecs RQ    1    1
   1   1   1  -1  -1  -1  -1  -1  -1   0  -1  -1  -1  -1  -1  -1  -1  -1  -1  -1  -1  -1  -1  -1  -1  -1  -1   1  -1  -1  -1  -1  -1  -1  -1  -1  -1  -1  -1  -1  -1  -1  -1  -1  -1  -1  -1  -1  -1  -1  -1  -1  -1  -1  -1  -1  -1  -1  -1  -1  -1  -1  -1  -1	 84997401839740 nsecs RQ    2    1
   1   0   1  -1  -1  -1  -1  -1  -1   0  -1  -1  -1  -1  -1  -1  -1  -1  -1  -1  -1  -1  -1  -1  -1  -1  -1   1  -1  -1  -1  -1  -1  -1  -1  -1  -1  -1  -1  -1  -1  -1  -1  -1  -1  -1  -1  -1  -1  -1  -1  -1  -1  -1  -1  -1  -1  -1  -1  -1  -1  -1  -1  -1	 84997401849478 nsecs RQ    1    0
   1   0   1   1  -1  -1  -1  -1  -1   0  -1  -1  -1  -1  -1  -1  -1  -1  -1  -1  -1  -1  -1  -1  -1  -1  -1   1  -1  -1  -1  -1  -1  -1  -1  -1  -1  -1  -1  -1  -1  -1  -1  -1  -1  -1  -1  -1  -1  -1  -1  -1  -1  -1  -1  -1  -1  -1  -1  -1  -1  -1  -1  -1	 84997401906342 nsecs RQ    3    1
   1   0   0   1  -1  -1  -1  -1  -1   0  -1  -1  -1  -1  -1  -1  -1  -1  -1  -1  -1  -1  -1  -1  -1  -1  -1   1  -1  -1  -1  -1  -1  -1  -1  -1  -1  -1  -1  -1  -1  -1  -1  -1  -1  -1  -1  -1  -1  -1  -1  -1  -1  -1  -1  -1  -1  -1  -1  -1  -1  -1  -1  -1	 84997401921233 nsecs RQ    2    0
   1   0   0   0  -1  -1  -1  -1  -1   0  -1  -1  -1  -1  -1  -1  -1  -1  -1  -1  -1  -1  -1  -1  -1  -1  -1   1  -1  -1  -1  -1  -1  -1  -1  -1  -1  -1  -1  -1  -1  -1  -1  -1  -1  -1  -1  -1  -1  -1  -1  -1  -1  -1  -1  -1  -1  -1  -1  -1  -1  -1  -1  -1	 84997401928689 nsecs RQ    3    0
   0   0   0   0  -1  -1  -1  -1  -1   0  -1  -1  -1  -1  -1  -1  -1  -1  -1  -1  -1  -1  -1  -1  -1  -1  -1   1  -1  -1  -1  -1  -1  -1  -1  -1  -1  -1  -1  -1  -1  -1  -1  -1  -1  -1  -1  -1  -1  -1  -1  -1  -1  -1  -1  -1  -1  -1  -1  -1  -1  -1  -1  -1	 84997401929531 nsecs RQ    0    0
   0   0   0   0  -1  -1  -1  -1  -1   1  -1  -1  -1  -1  -1  -1  -1  -1  -1  -1  -1  -1  -1  -1  -1  -1  -1   1  -1  -1  -1  -1  -1  -1  -1  -1  -1  -1  -1  -1  -1  -1  -1  -1  -1  -1  -1  -1  -1  -1  -1  -1  -1  -1  -1  -1  -1  -1  -1  -1  -1  -1  -1  -1	 84997404011859 nsecs RQ    9    1
   0   0   0   0  -1  -1  -1  -1  -1   0  -1  -1  -1  -1  -1  -1  -1  -1  -1  -1  -1  -1  -1  -1  -1  -1  -1   1  -1  -1  -1  -1  -1  -1  -1  -1  -1  -1  -1  -1  -1  -1  -1  -1  -1  -1  -1  -1  -1  -1  -1  -1  -1  -1  -1  -1  -1  -1  -1  -1  -1  -1  -1  -1	 84997404020798 nsecs RQ    9    0
   0   0   0   0  -1  -1  -1  -1  -1   0  -1  -1  -1  -1  -1  -1  -1  -1  -1  -1  -1  -1  -1  -1  -1  -1  -1   0  -1  -1  -1  -1  -1  -1  -1  -1  -1  -1  -1  -1  -1  -1  -1  -1  -1  -1  -1  -1  -1  -1  -1  -1  -1  -1  -1  -1  -1  -1  -1  -1  -1  -1  -1  -1	 84997404974671 nsecs RQ   27    0
   0   0   0   0  -1  -1  -1  -1  -1   0  -1  -1  -1  -1  -1  -1  -1  -1  -1  -1  -1  -1  -1  -1  -1  -1  -1   1  -1  -1  -1  -1  -1  -1  -1  -1  -1  -1  -1  -1  -1  -1  -1  -1  -1  -1  -1  -1  -1  -1  -1  -1  -1  -1  -1  -1  -1  -1  -1  -1  -1  -1  -1  -1	 84997404978681 nsecs RQ   27    1
   0   0   0   0  -1  -1  -1   1  -1   0  -1  -1  -1  -1  -1  -1  -1  -1  -1  -1  -1  -1  -1  -1  -1  -1  -1   1  -1  -1  -1  -1  -1  -1  -1  -1  -1  -1  -1  -1  -1  -1  -1  -1  -1  -1  -1  -1  -1  -1  -1  -1  -1  -1  -1  -1  -1  -1  -1  -1  -1  -1  -1  -1	 84997404987136 nsecs RQ    7    1
   0   0   0   0  -1  -1  -1   1  -1   0  -1  -1  -1  -1  -1  -1  -1  -1  -1  -1  -1  -1  -1  -1  -1  -1  -1   0  -1  -1  -1  -1  -1  -1  -1  -1  -1  -1  -1  -1  -1  -1  -1  -1  -1  -1  -1  -1  -1  -1  -1  -1  -1  -1  -1  -1  -1  -1  -1  -1  -1  -1  -1  -1	 84997404992259 nsecs RQ   27    0
   0   0   0   0  -1  -1  -1   0  -1   0  -1  -1  -1  -1  -1  -1  -1  -1  -1  -1  -1  -1  -1  -1  -1  -1  -1   0  -1  -1  -1  -1  -1  -1  -1  -1  -1  -1  -1  -1  -1  -1  -1  -1  -1  -1  -1  -1  -1  -1  -1  -1  -1  -1  -1  -1  -1  -1  -1  -1  -1  -1  -1  -1	 84997405190105 nsecs RQ    7    0
   0   0   0   0  -1  -1  -1   1  -1   0  -1  -1  -1  -1  -1  -1  -1  -1  -1  -1  -1  -1  -1  -1  -1  -1  -1   0  -1  -1  -1  -1  -1  -1  -1  -1  -1  -1  -1  -1  -1  -1  -1  -1  -1  -1  -1  -1  -1  -1  -1  -1  -1  -1  -1  -1  -1  -1  -1  -1  -1  -1  -1  -1	 84997405193103 nsecs RQ    7    1
   0   0   0   0  -1  -1  -1   1   1   0  -1  -1  -1  -1  -1  -1  -1  -1  -1  -1  -1  -1  -1  -1  -1  -1  -1   0  -1  -1  -1  -1  -1  -1  -1  -1  -1  -1  -1  -1  -1  -1  -1  -1  -1  -1  -1  -1  -1  -1  -1  -1  -1  -1  -1  -1  -1  -1  -1  -1  -1  -1  -1  -1	 84997405202625 nsecs RQ    8    1
   0   0   0   0  -1  -1  -1   0   1   0  -1  -1  -1  -1  -1  -1  -1  -1  -1  -1  -1  -1  -1  -1  -1  -1  -1   0  -1  -1  -1  -1  -1  -1  -1  -1  -1  -1  -1  -1  -1  -1  -1  -1  -1  -1  -1  -1  -1  -1  -1  -1  -1  -1  -1  -1  -1  -1  -1  -1  -1  -1  -1  -1	 84997405205787 nsecs RQ    7    0
   0   0   0   0  -1  -1  -1   0   1   0  -1  -1  -1  -1  -1  -1  -1  -1  -1  -1   1  -1  -1  -1  -1  -1  -1   0  -1  -1  -1  -1  -1  -1  -1  -1  -1  -1  -1  -1  -1  -1  -1  -1  -1  -1  -1  -1  -1  -1  -1  -1  -1  -1  -1  -1  -1  -1  -1  -1  -1  -1  -1  -1	 84997405385431 nsecs RQ   20    1
   0   0   0   0  -1  -1  -1   0   0   0  -1  -1  -1  -1  -1  -1  -1  -1  -1  -1   1  -1  -1  -1  -1  -1  -1   0  -1  -1  -1  -1  -1  -1  -1  -1  -1  -1  -1  -1  -1  -1  -1  -1  -1  -1  -1  -1  -1  -1  -1  -1  -1  -1  -1  -1  -1  -1  -1  -1  -1  -1  -1  -1	 84997405393171 nsecs RQ    8    0
   1   0   0   0  -1  -1  -1   0   0   0  -1  -1  -1  -1  -1  -1  -1  -1  -1  -1   1  -1  -1  -1  -1  -1  -1   0  -1  -1  -1  -1  -1  -1  -1  -1  -1  -1  -1  -1  -1  -1  -1  -1  -1  -1  -1  -1  -1  -1  -1  -1  -1  -1  -1  -1  -1  -1  -1  -1  -1  -1  -1  -1	 84997406600001 nsecs RQ    0    1
   1   1   0   0  -1  -1  -1   0   0   0  -1  -1  -1  -1  -1  -1  -1  -1  -1  -1   1  -1  -1  -1  -1  -1  -1   0  -1  -1  -1  -1  -1  -1  -1  -1  -1  -1  -1  -1  -1  -1  -1  -1  -1  -1  -1  -1  -1  -1  -1  -1  -1  -1  -1  -1  -1  -1  -1  -1  -1  -1  -1  -1	 84997406602605 nsecs RQ    1    1
   1   1   1   0  -1  -1  -1   0   0   0  -1  -1  -1  -1  -1  -1  -1  -1  -1  -1   1  -1  -1  -1  -1  -1  -1   0  -1  -1  -1  -1  -1  -1  -1  -1  -1  -1  -1  -1  -1  -1  -1  -1  -1  -1  -1  -1  -1  -1  -1  -1  -1  -1  -1  -1  -1  -1  -1  -1  -1  -1  -1  -1	 84997406605257 nsecs RQ    2    1
   1   1   1   1  -1  -1  -1   0   0   0  -1  -1  -1  -1  -1  -1  -1  -1  -1  -1   1  -1  -1  -1  -1  -1  -1   0  -1  -1  -1  -1  -1  -1  -1  -1  -1  -1  -1  -1  -1  -1  -1  -1  -1  -1  -1  -1  -1  -1  -1  -1  -1  -1  -1  -1  -1  -1  -1  -1  -1  -1  -1  -1	 84997406607809 nsecs RQ    3    1
   1   1   1   1   1  -1  -1   0   0   0  -1  -1  -1  -1  -1  -1  -1  -1  -1  -1   1  -1  -1  -1  -1  -1  -1   0  -1  -1  -1  -1  -1  -1  -1  -1  -1  -1  -1  -1  -1  -1  -1  -1  -1  -1  -1  -1  -1  -1  -1  -1  -1  -1  -1  -1  -1  -1  -1  -1  -1  -1  -1  -1	 84997406610339 nsecs RQ    4    1
   1   1   1   1   1   1  -1   0   0   0  -1  -1  -1  -1  -1  -1  -1  -1  -1  -1   1  -1  -1  -1  -1  -1  -1   0  -1  -1  -1  -1  -1  -1  -1  -1  -1  -1  -1  -1  -1  -1  -1  -1  -1  -1  -1  -1  -1  -1  -1  -1  -1  -1  -1  -1  -1  -1  -1  -1  -1  -1  -1  -1	 84997406612769 nsecs RQ    5    1
   1   1   1   1   1   1   1   0   0   0  -1  -1  -1  -1  -1  -1  -1  -1  -1  -1   1  -1  -1  -1  -1  -1  -1   0  -1  -1  -1  -1  -1  -1  -1  -1  -1  -1  -1  -1  -1  -1  -1  -1  -1  -1  -1  -1  -1  -1  -1  -1  -1  -1  -1  -1  -1  -1  -1  -1  -1  -1  -1  -1	 84997406615215 nsecs RQ    6    1
   1   1   1   1   1   1   1   1   0   0  -1  -1  -1  -1  -1  -1  -1  -1  -1  -1   1  -1  -1  -1  -1  -1  -1   0  -1  -1  -1  -1  -1  -1  -1  -1  -1  -1  -1  -1  -1  -1  -1  -1  -1  -1  -1  -1  -1  -1  -1  -1  -1  -1  -1  -1  -1  -1  -1  -1  -1  -1  -1  -1	 84997406617230 nsecs RQ    7    1
   1   1   1   1   1   1   1   1   1   0  -1  -1  -1  -1  -1  -1  -1  -1  -1  -1   1  -1  -1  -1  -1  -1  -1   0  -1  -1  -1  -1  -1  -1  -1  -1  -1  -1  -1  -1  -1  -1  -1  -1  -1  -1  -1  -1  -1  -1  -1  -1  -1  -1  -1  -1  -1  -1  -1  -1  -1  -1  -1  -1	 84997406619798 nsecs RQ    8    1
   1   1   1   1   1   1   1   1   1   1  -1  -1  -1  -1  -1  -1  -1  -1  -1  -1   1  -1  -1  -1  -1  -1  -1   0  -1  -1  -1  -1  -1  -1  -1  -1  -1  -1  -1  -1  -1  -1  -1  -1  -1  -1  -1  -1  -1  -1  -1  -1  -1  -1  -1  -1  -1  -1  -1  -1  -1  -1  -1  -1	 84997406622128 nsecs RQ    9    1
   1   1   1   1   1   1   1   1   1   1  -1  -1  -1  -1  -1  -1  -1  -1  -1  -1   2  -1  -1  -1  -1  -1  -1   0  -1  -1  -1  -1  -1  -1  -1  -1  -1  -1  -1  -1  -1  -1  -1  -1  -1  -1  -1  -1  -1  -1  -1  -1  -1  -1  -1  -1  -1  -1  -1  -1  -1  -1  -1  -1	 84997406625421 nsecs RQ   20    2
   1   1   1   1   1   1   1   1   1   1  -1  -1  -1  -1  -1  -1  -1  -1  -1  -1   2   1  -1  -1  -1  -1  -1   0  -1  -1  -1  -1  -1  -1  -1  -1  -1  -1  -1  -1  -1  -1  -1  -1  -1  -1  -1  -1  -1  -1  -1  -1  -1  -1  -1  -1  -1  -1  -1  -1  -1  -1  -1  -1	 84997406628065 nsecs RQ   21    1
   1   1   1   1   1   1   1   1   1   1  -1  -1  -1  -1  -1  -1  -1  -1  -1  -1   2   1   1  -1  -1  -1  -1   0  -1  -1  -1  -1  -1  -1  -1  -1  -1  -1  -1  -1  -1  -1  -1  -1  -1  -1  -1  -1  -1  -1  -1  -1  -1  -1  -1  -1  -1  -1  -1  -1  -1  -1  -1  -1	 84997406630231 nsecs RQ   22    1
   1   1   1   1   1   1   1   1   1   1  -1  -1  -1  -1  -1  -1  -1  -1  -1  -1   2   1   1   1  -1  -1  -1   0  -1  -1  -1  -1  -1  -1  -1  -1  -1  -1  -1  -1  -1  -1  -1  -1  -1  -1  -1  -1  -1  -1  -1  -1  -1  -1  -1  -1  -1  -1  -1  -1  -1  -1  -1  -1	 84997406632408 nsecs RQ   23    1
   1   1   1   1   1   1   1   1   1   1  -1  -1  -1  -1  -1  -1  -1  -1  -1  -1   2   1   1   1   1  -1  -1   0  -1  -1  -1  -1  -1  -1  -1  -1  -1  -1  -1  -1  -1  -1  -1  -1  -1  -1  -1  -1  -1  -1  -1  -1  -1  -1  -1  -1  -1  -1  -1  -1  -1  -1  -1  -1	 84997406635168 nsecs RQ   24    1
   1   1   1   1   1   1   1   1   1   1  -1  -1  -1  -1  -1  -1  -1  -1  -1  -1   2   1   1   1   1   1  -1   0  -1  -1  -1  -1  -1  -1  -1  -1  -1  -1  -1  -1  -1  -1  -1  -1  -1  -1  -1  -1  -1  -1  -1  -1  -1  -1  -1  -1  -1  -1  -1  -1  -1  -1  -1  -1	 84997406637434 nsecs RQ   25    1
   1   1   1   1   1   1   1   1   1   1  -1  -1  -1  -1  -1  -1  -1  -1  -1  -1   2   1   1   1   1   1   1   0  -1  -1  -1  -1  -1  -1  -1  -1  -1  -1  -1  -1  -1  -1  -1  -1  -1  -1  -1  -1  -1  -1  -1  -1  -1  -1  -1  -1  -1  -1  -1  -1  -1  -1  -1  -1	 84997406640054 nsecs RQ   26    1
   1   1   1   1   1   1   1   1   1   1  -1  -1  -1  -1  -1  -1  -1  -1  -1  -1   2   1   1   1   1   1   1   1  -1  -1  -1  -1  -1  -1  -1  -1  -1  -1  -1  -1  -1  -1  -1  -1  -1  -1  -1  -1  -1  -1  -1  -1  -1  -1  -1  -1  -1  -1  -1  -1  -1  -1  -1  -1	 84997406641987 nsecs RQ   27    1
   1   1   1   1   1   1   1   1   1   1  -1  -1  -1  -1  -1  -1  -1  -1  -1  -1   2   1   1   1   1   1   1   1   1  -1  -1  -1  -1  -1  -1  -1  -1  -1  -1  -1  -1  -1  -1  -1  -1  -1  -1  -1  -1  -1  -1  -1  -1  -1  -1  -1  -1  -1  -1  -1  -1  -1  -1  -1	 84997406644336 nsecs RQ   28    1
   1   1   1   1   1   1   1   1   1   1  -1  -1  -1  -1  -1  -1  -1  -1  -1  -1   2   1   1   1   1   1   1   1   1   1  -1  -1  -1  -1  -1  -1  -1  -1  -1  -1  -1  -1  -1  -1  -1  -1  -1  -1  -1  -1  -1  -1  -1  -1  -1  -1  -1  -1  -1  -1  -1  -1  -1  -1	 84997406646775 nsecs RQ   29    1
   1   1   1   1   1   1   1   1   1   1  -1  -1  -1  -1  -1  -1  -1  -1  -1  -1   1   1   1   1   1   1   1   1   1   1  -1  -1  -1  -1  -1  -1  -1  -1  -1  -1  -1  -1  -1  -1  -1  -1  -1  -1  -1  -1  -1  -1  -1  -1  -1  -1  -1  -1  -1  -1  -1  -1  -1  -1	 84997408417456 nsecs RQ   20    1
   1   1   1   1   1   1   1   1   1   1  -1  -1  -1  -1  -1  -1  -1  -1  -1  -1   2   1   1   1   1   1   1   1   1   1  -1  -1  -1  -1  -1  -1  -1  -1  -1  -1  -1  -1  -1  -1  -1  -1  -1  -1  -1  -1  -1  -1  -1  -1  -1  -1  -1  -1  -1  -1  -1  -1  -1  -1	 84997408422299 nsecs RQ   20    2
   1   1   1   1   1   1   1   1   2   1  -1  -1  -1  -1  -1  -1  -1  -1  -1  -1   2   1   1   1   1   1   1   1   1   1  -1  -1  -1  -1  -1  -1  -1  -1  -1  -1  -1  -1  -1  -1  -1  -1  -1  -1  -1  -1  -1  -1  -1  -1  -1  -1  -1  -1  -1  -1  -1  -1  -1  -1	 84997408442800 nsecs RQ    8    2
   1   1   1   1   1   1   1   1   2   1  -1  -1  -1  -1  -1  -1  -1  -1  -1  -1   1   1   1   1   1   1   1   1   1   1  -1  -1  -1  -1  -1  -1  -1  -1  -1  -1  -1  -1  -1  -1  -1  -1  -1  -1  -1  -1  -1  -1  -1  -1  -1  -1  -1  -1  -1  -1  -1  -1  -1  -1	 84997408448298 nsecs RQ   20    1
   1   1   1   1   1   1   1   1   2   1  -1  -1  -1  -1  -1  -1  -1  -1  -1  -1   2   1   1   1   1   1   1   1   1   1  -1  -1  -1  -1  -1  -1  -1  -1  -1  -1  -1  -1  -1  -1  -1  -1  -1  -1  -1  -1  -1  -1  -1  -1  -1  -1  -1  -1  -1  -1  -1  -1  -1  -1	 84997408463007 nsecs RQ   20    2
   1   1   1   1   1   1   1   1   1   1  -1  -1  -1  -1  -1  -1  -1  -1  -1  -1   2   1   1   1   1   1   1   1   1   1  -1  -1  -1  -1  -1  -1  -1  -1  -1  -1  -1  -1  -1  -1  -1  -1  -1  -1  -1  -1  -1  -1  -1  -1  -1  -1  -1  -1  -1  -1  -1  -1  -1  -1	 84997408481474 nsecs RQ    8    1
   1   1   1   1   1   1   1   1   1   1  -1  -1  -1  -1  -1  -1  -1  -1  -1  -1   1   1   1   1   1   1   1   1   1   1  -1  -1  -1  -1  -1  -1  -1  -1  -1  -1  -1  -1  -1  -1  -1  -1  -1  -1  -1  -1  -1  -1  -1  -1  -1  -1  -1  -1  -1  -1  -1  -1  -1  -1	 84997408483196 nsecs RQ   20    1
   1   1   1   1   1   1   1   1   1   2  -1  -1  -1  -1  -1  -1  -1  -1  -1  -1   1   1   1   1   1   1   1   1   1   1  -1  -1  -1  -1  -1  -1  -1  -1  -1  -1  -1  -1  -1  -1  -1  -1  -1  -1  -1  -1  -1  -1  -1  -1  -1  -1  -1  -1  -1  -1  -1  -1  -1  -1	 84997416009256 nsecs RQ    9    2
   2   1   1   1   1   1   1   1   1   2  -1  -1  -1  -1  -1  -1  -1  -1  -1  -1   1   1   1   1   1   1   1   1   1   1  -1  -1  -1  -1  -1  -1  -1  -1  -1  -1  -1  -1  -1  -1  -1  -1  -1  -1  -1  -1  -1  -1  -1  -1  -1  -1  -1  -1  -1  -1  -1  -1  -1  -1	 84997416017514 nsecs RQ    0    2
   2   1   1   1   1   1   1   1   1   1  -1  -1  -1  -1  -1  -1  -1  -1  -1  -1   1   1   1   1   1   1   1   1   1   1  -1  -1  -1  -1  -1  -1  -1  -1  -1  -1  -1  -1  -1  -1  -1  -1  -1  -1  -1  -1  -1  -1  -1  -1  -1  -1  -1  -1  -1  -1  -1  -1  -1  -1	 84997416020137 nsecs RQ    9    1
   1   1   1   1   1   1   1   1   1   1  -1  -1  -1  -1  -1  -1  -1  -1  -1  -1   1   1   1   1   1   1   1   1   1   1  -1  -1  -1  -1  -1  -1  -1  -1  -1  -1  -1  -1  -1  -1  -1  -1  -1  -1  -1  -1  -1  -1  -1  -1  -1  -1  -1  -1  -1  -1  -1  -1  -1  -1	 84997416041119 nsecs RQ    0    1
   1   1   1   1   1   1   1   1   1   2  -1  -1  -1  -1  -1  -1  -1  -1  -1  -1   1   1   1   1   1   1   1   1   1   1  -1  -1  -1  -1  -1  -1  -1  -1  -1  -1  -1  -1  -1  -1  -1  -1  -1  -1  -1  -1  -1  -1  -1  -1  -1  -1  -1  -1  -1  -1  -1  -1  -1  -1	 84997424006521 nsecs RQ    9    2
   1   1   1   1   1   1   1   1   1   1  -1  -1  -1  -1  -1  -1  -1  -1  -1  -1   1   1   1   1   1   1   1   1   1   1  -1  -1  -1  -1  -1  -1  -1  -1  -1  -1  -1  -1  -1  -1  -1  -1  -1  -1  -1  -1  -1  -1  -1  -1  -1  -1  -1  -1  -1  -1  -1  -1  -1  -1	 84997424011313 nsecs RQ    9    1
   1   1   1   1   1   1   1   1   1   1  -1  -1  -1  -1  -1  -1  -1  -1  -1  -1   2   1   1   1   1   1   1   1   1   1  -1  -1  -1  -1  -1  -1  -1  -1  -1  -1  -1  -1  -1  -1  -1  -1  -1  -1  -1  -1  -1  -1  -1  -1  -1  -1  -1  -1  -1  -1  -1  -1  -1  -1	 84997428007291 nsecs RQ   20    2
   1   1   1   1   1   1   1   1   1   1  -1  -1  -1  -1  -1  -1  -1  -1  -1  -1   1   1   1   1   1   1   1   1   1   1  -1  -1  -1  -1  -1  -1  -1  -1  -1  -1  -1  -1  -1  -1  -1  -1  -1  -1  -1  -1  -1  -1  -1  -1  -1  -1  -1  -1  -1  -1  -1  -1  -1  -1	 84997428020029 nsecs RQ   20    1
   1   1   1   1   1   1   1   1   1   2  -1  -1  -1  -1  -1  -1  -1  -1  -1  -1   1   1   1   1   1   1   1   1   1   1  -1  -1  -1  -1  -1  -1  -1  -1  -1  -1  -1  -1  -1  -1  -1  -1  -1  -1  -1  -1  -1  -1  -1  -1  -1  -1  -1  -1  -1  -1  -1  -1  -1  -1	 84997428036388 nsecs RQ    9    2
   1   1   1   1   1   1   1   1   1   1  -1  -1  -1  -1  -1  -1  -1  -1  -1  -1   1   1   1   1   1   1   1   1   1   1  -1  -1  -1  -1  -1  -1  -1  -1  -1  -1  -1  -1  -1  -1  -1  -1  -1  -1  -1  -1  -1  -1  -1  -1  -1  -1  -1  -1  -1  -1  -1  -1  -1  -1	 84997428044400 nsecs RQ    9    1
   1   1   1   1   1   1   1   1   1   1  -1  -1  -1  -1  -1  -1  -1  -1  -1  -1   2   1   1   1   1   1   1   1   1   1  -1  -1  -1  -1  -1  -1  -1  -1  -1  -1  -1  -1  -1  -1  -1  -1  -1  -1  -1  -1  -1  -1  -1  -1  -1  -1  -1  -1  -1  -1  -1  -1  -1  -1	 84997440004314 nsecs RQ   20    2
   1   1   1   1   1   1   1   1   1   1  -1  -1  -1  -1  -1  -1  -1  -1  -1  -1   1   1   1   1   1   1   1   1   1   1  -1  -1  -1  -1  -1  -1  -1  -1  -1  -1  -1  -1  -1  -1  -1  -1  -1  -1  -1  -1  -1  -1  -1  -1  -1  -1  -1  -1  -1  -1  -1  -1  -1  -1	 84997440009484 nsecs RQ   20    1
   1   1   1   1   1   1   1   1   1   1  -1  -1  -1  -1  -1  -1  -1  -1  -1  -1   2   1   1   1   1   1   1   1   1   1  -1  -1  -1  -1  -1  -1  -1  -1  -1  -1  -1  -1  -1  -1  -1  -1  -1  -1  -1  -1  -1  -1  -1  -1  -1  -1  -1  -1  -1  -1  -1  -1  -1  -1	 84997448004003 nsecs RQ   20    2
   1   1   1   1   1   1   1   1   1   1  -1  -1  -1  -1  -1  -1  -1  -1  -1  -1   1   1   1   1   1   1   1   1   1   1  -1  -1  -1  -1  -1  -1  -1  -1  -1  -1  -1  -1  -1  -1  -1  -1  -1  -1  -1  -1  -1  -1  -1  -1  -1  -1  -1  -1  -1  -1  -1  -1  -1  -1	 84997448007137 nsecs RQ   20    1
   1   1   1   1   1   1   1   1   1   1  -1  -1  -1  -1  -1  -1  -1  -1  -1  -1   1   1   1   1   2   1   1   1   1   1  -1  -1  -1  -1  -1  -1  -1  -1  -1  -1  -1  -1  -1  -1  -1  -1  -1  -1  -1  -1  -1  -1  -1  -1  -1  -1  -1  -1  -1  -1  -1  -1  -1  -1	 84997452008011 nsecs RQ   24    2
   1   1   1   1   1   1   1   1   1   1  -1  -1  -1  -1  -1  -1  -1  -1  -1  -1   1   1   1   1   1   1   1   1   1   1  -1  -1  -1  -1  -1  -1  -1  -1  -1  -1  -1  -1  -1  -1  -1  -1  -1  -1  -1  -1  -1  -1  -1  -1  -1  -1  -1  -1  -1  -1  -1  -1  -1  -1	 84997452015351 nsecs RQ   24    1
   1   1   1   1   1   1   1   1   1   1  -1  -1  -1  -1  -1  -1  -1  -1  -1  -1   1   1   1   1   1   1   1   2   1   1  -1  -1  -1  -1  -1  -1  -1  -1  -1  -1  -1  -1  -1  -1  -1  -1  -1  -1  -1  -1  -1  -1  -1  -1  -1  -1  -1  -1  -1  -1  -1  -1  -1  -1	 84997452036214 nsecs RQ   27    2
   1   1   1   1   1   1   1   1   1   1  -1  -1  -1  -1  -1  -1  -1  -1  -1  -1   1   1   1   1   1   1   1   1   1   1  -1  -1  -1  -1  -1  -1  -1  -1  -1  -1  -1  -1  -1  -1  -1  -1  -1  -1  -1  -1  -1  -1  -1  -1  -1  -1  -1  -1  -1  -1  -1  -1  -1  -1	 84997452101521 nsecs RQ   27    1
   1   1   1   1   1   1   1   1   1   1  -1  -1  -1  -1  -1  -1  -1  -1  -1  -1   1   1   1   1   1   1   1   1   2   1  -1  -1  -1  -1  -1  -1  -1  -1  -1  -1  -1  -1  -1  -1  -1  -1  -1  -1  -1  -1  -1  -1  -1  -1  -1  -1  -1  -1  -1  -1  -1  -1  -1  -1	 84997457359335 nsecs RQ   28    2
   1   1   1   1   1   1   1   1   1   1  -1  -1  -1  -1  -1  -1  -1  -1  -1  -1   1   1   1   1   1   1   1   1   1   1  -1  -1  -1  -1  -1  -1  -1  -1  -1  -1  -1  -1  -1  -1  -1  -1  -1  -1  -1  -1  -1  -1  -1  -1  -1  -1  -1  -1  -1  -1  -1  -1  -1  -1	 84997457401186 nsecs RQ   28    1
   1   1   1   1   1   1   1   1   1   1  -1  -1  -1  -1  -1  -1  -1  -1  -1  -1   1   1   1   1   2   1   1   1   1   1  -1  -1  -1  -1  -1  -1  -1  -1  -1  -1  -1  -1  -1  -1  -1  -1  -1  -1  -1  -1  -1  -1  -1  -1  -1  -1  -1  -1  -1  -1  -1  -1  -1  -1	 84997460004984 nsecs RQ   24    2
   1   1   1   1   1   1   1   1   1   1  -1  -1  -1  -1  -1  -1  -1  -1  -1  -1   1   1   1   1   1   1   1   1   1   1  -1  -1  -1  -1  -1  -1  -1  -1  -1  -1  -1  -1  -1  -1  -1  -1  -1  -1  -1  -1  -1  -1  -1  -1  -1  -1  -1  -1  -1  -1  -1  -1  -1  -1	 84997460010697 nsecs RQ   24    1
   2   1   1   1   1   1   1   1   1   1  -1  -1  -1  -1  -1  -1  -1  -1  -1  -1   1   1   1   1   1   1   1   1   1   1  -1  -1  -1  -1  -1  -1  -1  -1  -1  -1  -1  -1  -1  -1  -1  -1  -1  -1  -1  -1  -1  -1  -1  -1  -1  -1  -1  -1  -1  -1  -1  -1  -1  -1	 84997466092574 nsecs RQ    0    2
   1   1   1   1   1   1   1   1   1   1  -1  -1  -1  -1  -1  -1  -1  -1  -1  -1   1   1   1   1   1   1   1   1   1   1  -1  -1  -1  -1  -1  -1  -1  -1  -1  -1  -1  -1  -1  -1  -1  -1  -1  -1  -1  -1  -1  -1  -1  -1  -1  -1  -1  -1  -1  -1  -1  -1  -1  -1	 84997466160462 nsecs RQ    0    1
   1   1   1   1   1   1   1   1   1   1  -1  -1  -1  -1  -1  -1  -1  -1  -1  -1   1   1   1   1   2   1   1   1   1   1  -1  -1  -1  -1  -1  -1  -1  -1  -1  -1  -1  -1  -1  -1  -1  -1  -1  -1  -1  -1  -1  -1  -1  -1  -1  -1  -1  -1  -1  -1  -1  -1  -1  -1	 84997468004231 nsecs RQ   24    2
   1   1   1   1   1   1   1   1   1   1  -1  -1  -1  -1  -1  -1  -1  -1  -1  -1   1   1   1   1   1   1   1   1   1   1  -1  -1  -1  -1  -1  -1  -1  -1  -1  -1  -1  -1  -1  -1  -1  -1  -1  -1  -1  -1  -1  -1  -1  -1  -1  -1  -1  -1  -1  -1  -1  -1  -1  -1	 84997468009014 nsecs RQ   24    1
   1   1   1   1   1   1   1   1   1   1  -1  -1  -1  -1  -1  -1  -1  -1  -1  -1   1   1   1   1   2   1   1   1   1   1  -1  -1  -1  -1  -1  -1  -1  -1  -1  -1  -1  -1  -1  -1  -1  -1  -1  -1  -1  -1  -1  -1  -1  -1  -1  -1  -1  -1  -1  -1  -1  -1  -1  -1	 84997476003913 nsecs RQ   24    2
   1   1   1   1   1   1   1   1   1   1  -1  -1  -1  -1  -1  -1  -1  -1  -1  -1   1   1   1   1   1   1   1   1   1   1  -1  -1  -1  -1  -1  -1  -1  -1  -1  -1  -1  -1  -1  -1  -1  -1  -1  -1  -1  -1  -1  -1  -1  -1  -1  -1  -1  -1  -1  -1  -1  -1  -1  -1	 84997476007092 nsecs RQ   24    1
   1   1   1   2   1   1   1   1   1   1  -1  -1  -1  -1  -1  -1  -1  -1  -1  -1   1   1   1   1   1   1   1   1   1   1  -1  -1  -1  -1  -1  -1  -1  -1  -1  -1  -1  -1  -1  -1  -1  -1  -1  -1  -1  -1  -1  -1  -1  -1  -1  -1  -1  -1  -1  -1  -1  -1  -1  -1	 84997476994347 nsecs RQ    3    2
   1   1   1   1   1   1   1   1   1   1  -1  -1  -1  -1  -1  -1  -1  -1  -1  -1   1   1   1   1   1   1   1   1   1   1  -1  -1  -1  -1  -1  -1  -1  -1  -1  -1  -1  -1  -1  -1  -1  -1  -1  -1  -1  -1  -1  -1  -1  -1  -1  -1  -1  -1  -1  -1  -1  -1  -1  -1	 84997477025253 nsecs RQ    3    1
   1   1   1   1   1   1   1   1   1   1  -1  -1  -1  -1  -1  -1  -1  -1  -1  -1   2   1   1   1   1   1   1   1   1   1  -1  -1  -1  -1  -1  -1  -1  -1  -1  -1  -1  -1  -1  -1  -1  -1  -1  -1  -1  -1  -1  -1  -1  -1  -1  -1  -1  -1  -1  -1  -1  -1  -1  -1	 84997480006819 nsecs RQ   20    2
   1   1   1   1   1   1   1   1   1   1  -1  -1  -1  -1  -1  -1  -1  -1  -1  -1   1   1   1   1   1   1   1   1   1   1  -1  -1  -1  -1  -1  -1  -1  -1  -1  -1  -1  -1  -1  -1  -1  -1  -1  -1  -1  -1  -1  -1  -1  -1  -1  -1  -1  -1  -1  -1  -1  -1  -1  -1	 84997480011257 nsecs RQ   20    1
   1   1   1   1   1   1   1   1   1   1  -1  -1  -1  -1  -1  -1  -1  -1  -1  -1   2   1   1   1   1   1   1   1   1   1  -1  -1  -1  -1  -1  -1  -1  -1  -1  -1  -1  -1  -1  -1  -1  -1  -1  -1  -1  -1  -1  -1  -1  -1  -1  -1  -1  -1  -1  -1  -1  -1  -1  -1	 84997488004157 nsecs RQ   20    2
   1   1   1   1   1   1   1   1   1   1  -1  -1  -1  -1  -1  -1  -1  -1  -1  -1   1   1   1   1   1   1   1   1   1   1  -1  -1  -1  -1  -1  -1  -1  -1  -1  -1  -1  -1  -1  -1  -1  -1  -1  -1  -1  -1  -1  -1  -1  -1  -1  -1  -1  -1  -1  -1  -1  -1  -1  -1	 84997488008936 nsecs RQ   20    1
   2   1   1   1   1   1   1   1   1   1  -1  -1  -1  -1  -1  -1  -1  -1  -1  -1   1   1   1   1   1   1   1   1   1   1  -1  -1  -1  -1  -1  -1  -1  -1  -1  -1  -1  -1  -1  -1  -1  -1  -1  -1  -1  -1  -1  -1  -1  -1  -1  -1  -1  -1  -1  -1  -1  -1  -1  -1	 84997490211196 nsecs RQ    0    2
   1   1   1   1   1   1   1   1   1   1  -1  -1  -1  -1  -1  -1  -1  -1  -1  -1   1   1   1   1   1   1   1   1   1   1  -1  -1  -1  -1  -1  -1  -1  -1  -1  -1  -1  -1  -1  -1  -1  -1  -1  -1  -1  -1  -1  -1  -1  -1  -1  -1  -1  -1  -1  -1  -1  -1  -1  -1	 84997490250335 nsecs RQ    0    1
   1   1   1   1   1   1   1   1   1   1  -1  -1  -1  -1  -1  -1  -1  -1  -1  -1   2   1   1   1   1   1   1   1   1   1  -1  -1  -1  -1  -1  -1  -1  -1  -1  -1  -1  -1  -1  -1  -1  -1  -1  -1  -1  -1  -1  -1  -1  -1  -1  -1  -1  -1  -1  -1  -1  -1  -1  -1	 84997496004356 nsecs RQ   20    2
   1   1   1   1   1   1   1   1   1   1  -1  -1  -1  -1  -1  -1  -1  -1  -1  -1   1   1   1   1   1   1   1   1   1   1  -1  -1  -1  -1  -1  -1  -1  -1  -1  -1  -1  -1  -1  -1  -1  -1  -1  -1  -1  -1  -1  -1  -1  -1  -1  -1  -1  -1  -1  -1  -1  -1  -1  -1	 84997496009052 nsecs RQ   20    1
   1   1   1   1   1   1   1   1   1   1  -1  -1  -1  -1  -1  -1  -1  -1  -1  -1   1   1   1   1   1   1   1   1   2   1  -1  -1  -1  -1  -1  -1  -1  -1  -1  -1  -1  -1  -1  -1  -1  -1  -1  -1  -1  -1  -1  -1  -1  -1  -1  -1  -1  -1  -1  -1  -1  -1  -1  -1	 84997500004843 nsecs RQ   28    2
   1   2   1   1   1   1   1   1   1   1  -1  -1  -1  -1  -1  -1  -1  -1  -1  -1   1   1   1   1   1   1   1   1   2   1  -1  -1  -1  -1  -1  -1  -1  -1  -1  -1  -1  -1  -1  -1  -1  -1  -1  -1  -1  -1  -1  -1  -1  -1  -1  -1  -1  -1  -1  -1  -1  -1  -1  -1	 84997500006466 nsecs RQ    1    2
   1   2   1   1   1   1   1   1   1   1  -1  -1  -1  -1  -1  -1  -1  -1  -1  -1   1   1   1   1   1   1   1   1   1   1  -1  -1  -1  -1  -1  -1  -1  -1  -1  -1  -1  -1  -1  -1  -1  -1  -1  -1  -1  -1  -1  -1  -1  -1  -1  -1  -1  -1  -1  -1  -1  -1  -1  -1	 84997500012334 nsecs RQ   28    1
   1   1   1   1   1   1   1   1   1   1  -1  -1  -1  -1  -1  -1  -1  -1  -1  -1   1   1   1   1   1   1   1   1   1   1  -1  -1  -1  -1  -1  -1  -1  -1  -1  -1  -1  -1  -1  -1  -1  -1  -1  -1  -1  -1  -1  -1  -1  -1  -1  -1  -1  -1  -1  -1  -1  -1  -1  -1	 84997500019022 nsecs RQ    1    1
   1   1   1   1   1   1   1   1   1   1  -1  -1  -1  -1  -1  -1  -1  -1  -1  -1   2   1   1   1   1   1   1   1   1   1  -1  -1  -1  -1  -1  -1  -1  -1  -1  -1  -1  -1  -1  -1  -1  -1  -1  -1  -1  -1  -1  -1  -1  -1  -1  -1  -1  -1  -1  -1  -1  -1  -1  -1	 84997504003905 nsecs RQ   20    2
   1   1   1   1   1   1   1   1   1   1  -1  -1  -1  -1  -1  -1  -1  -1  -1  -1   1   1   1   1   1   1   1   1   1   1  -1  -1  -1  -1  -1  -1  -1  -1  -1  -1  -1  -1  -1  -1  -1  -1  -1  -1  -1  -1  -1  -1  -1  -1  -1  -1  -1  -1  -1  -1  -1  -1  -1  -1	 84997504006787 nsecs RQ   20    1
   1   1   1   1   1   1   1   1   1   1  -1  -1  -1  -1  -1  -1  -1  -1  -1  -1   1   1   1   1   1   2   1   1   1   1  -1  -1  -1  -1  -1  -1  -1  -1  -1  -1  -1  -1  -1  -1  -1  -1  -1  -1  -1  -1  -1  -1  -1  -1  -1  -1  -1  -1  -1  -1  -1  -1  -1  -1	 84997504298154 nsecs RQ   25    2
   1   1   1   1   1   1   1   1   1   1  -1  -1  -1  -1  -1  -1  -1  -1  -1  -1   1   1   1   1   1   1   1   1   1   1  -1  -1  -1  -1  -1  -1  -1  -1  -1  -1  -1  -1  -1  -1  -1  -1  -1  -1  -1  -1  -1  -1  -1  -1  -1  -1  -1  -1  -1  -1  -1  -1  -1  -1	 84997504310811 nsecs RQ   25    1
   1   1   1   1   1   1   1   1   1   1  -1  -1  -1  -1  -1  -1  -1  -1  -1  -1   1   1   1   1   1   1   2   1   1   1  -1  -1  -1  -1  -1  -1  -1  -1  -1  -1  -1  -1  -1  -1  -1  -1  -1  -1  -1  -1  -1  -1  -1  -1  -1  -1  -1  -1  -1  -1  -1  -1  -1  -1	 84997527430368 nsecs RQ   26    2
   1   1   1   1   1   1   1   1   1   1  -1  -1  -1  -1  -1  -1  -1  -1  -1  -1   1   1   1   1   1   1   1   1   1   1  -1  -1  -1  -1  -1  -1  -1  -1  -1  -1  -1  -1  -1  -1  -1  -1  -1  -1  -1  -1  -1  -1  -1  -1  -1  -1  -1  -1  -1  -1  -1  -1  -1  -1	 84997527441800 nsecs RQ   26    1
   1   1   1   1   1   1   1   1   1   1  -1  -1  -1  -1  -1  -1  -1  -1  -1  -1   1   1   1   1   2   1   1   1   1   1  -1  -1  -1  -1  -1  -1  -1  -1  -1  -1  -1  -1  -1  -1  -1  -1  -1  -1  -1  -1  -1  -1  -1  -1  -1  -1  -1  -1  -1  -1  -1  -1  -1  -1	 84997532003995 nsecs RQ   24    2
   1   1   1   1   1   1   1   1   1   1  -1  -1  -1  -1  -1  -1  -1  -1  -1  -1   1   1   1   1   2   1   2   1   1   1  -1  -1  -1  -1  -1  -1  -1  -1  -1  -1  -1  -1  -1  -1  -1  -1  -1  -1  -1  -1  -1  -1  -1  -1  -1  -1  -1  -1  -1  -1  -1  -1  -1  -1	 84997532004820 nsecs RQ   26    2
   1   1   1   1   1   1   1   1   1   1  -1  -1  -1  -1  -1  -1  -1  -1  -1  -1   1   1   1   1   1   1   2   1   1   1  -1  -1  -1  -1  -1  -1  -1  -1  -1  -1  -1  -1  -1  -1  -1  -1  -1  -1  -1  -1  -1  -1  -1  -1  -1  -1  -1  -1  -1  -1  -1  -1  -1  -1	 84997532010837 nsecs RQ   24    1
   1   1   1   1   1   1   1   1   1   1  -1  -1  -1  -1  -1  -1  -1  -1  -1  -1   1   1   1   1   1   1   1   1   1   1  -1  -1  -1  -1  -1  -1  -1  -1  -1  -1  -1  -1  -1  -1  -1  -1  -1  -1  -1  -1  -1  -1  -1  -1  -1  -1  -1  -1  -1  -1  -1  -1  -1  -1	 84997532013761 nsecs RQ   26    1
   1   1   1   2   1   1   1   1   1   1  -1  -1  -1  -1  -1  -1  -1  -1  -1  -1   1   1   1   1   1   1   1   1   1   1  -1  -1  -1  -1  -1  -1  -1  -1  -1  -1  -1  -1  -1  -1  -1  -1  -1  -1  -1  -1  -1  -1  -1  -1  -1  -1  -1  -1  -1  -1  -1  -1  -1  -1	 84997577126716 nsecs RQ    3    2
   1   1   1   1   1   1   1   1   1   1  -1  -1  -1  -1  -1  -1  -1  -1  -1  -1   1   1   1   1   1   1   1   1   1   1  -1  -1  -1  -1  -1  -1  -1  -1  -1  -1  -1  -1  -1  -1  -1  -1  -1  -1  -1  -1  -1  -1  -1  -1  -1  -1  -1  -1  -1  -1  -1  -1  -1  -1	 84997577139653 nsecs RQ    3    1
   1   1   1   1   1   1   1   2   1   1  -1  -1  -1  -1  -1  -1  -1  -1  -1  -1   1   1   1   1   1   1   1   1   1   1  -1  -1  -1  -1  -1  -1  -1  -1  -1  -1  -1  -1  -1  -1  -1  -1  -1  -1  -1  -1  -1  -1  -1  -1  -1  -1  -1  -1  -1  -1  -1  -1  -1  -1	 84997592645116 nsecs RQ    7    2
   1   1   1   1   1   1   1   3   1   1  -1  -1  -1  -1  -1  -1  -1  -1  -1  -1   1   1   1   1   1   1   1   1   1   1  -1  -1  -1  -1  -1  -1  -1  -1  -1  -1  -1  -1  -1  -1  -1  -1  -1  -1  -1  -1  -1  -1  -1  -1  -1  -1  -1  -1  -1  -1  -1  -1  -1  -1	 84997592754988 nsecs RQ    7    3
   1   1   1   1   1   1   1   2   1   1  -1  -1  -1  -1  -1  -1  -1  -1  -1  -1   1   1   1   1   1   1   1   1   1   1  -1  -1  -1  -1  -1  -1  -1  -1  -1  -1  -1  -1  -1  -1  -1  -1  -1  -1  -1  -1  -1  -1  -1  -1  -1  -1  -1  -1  -1  -1  -1  -1  -1  -1	 84997592767385 nsecs RQ    7    2
   1   1   1   1   1   1   1   3   1   1  -1  -1  -1  -1  -1  -1  -1  -1  -1  -1   1   1   1   1   1   1   1   1   1   1  -1  -1  -1  -1  -1  -1  -1  -1  -1  -1  -1  -1  -1  -1  -1  -1  -1  -1  -1  -1  -1  -1  -1  -1  -1  -1  -1  -1  -1  -1  -1  -1  -1  -1	 84997592786748 nsecs RQ    7    3
   1   1   1   1   1   1   1   2   1   1  -1  -1  -1  -1  -1  -1  -1  -1  -1  -1   1   1   1   1   1   1   1   1   1   1  -1  -1  -1  -1  -1  -1  -1  -1  -1  -1  -1  -1  -1  -1  -1  -1  -1  -1  -1  -1  -1  -1  -1  -1  -1  -1  -1  -1  -1  -1  -1  -1  -1  -1	 84997592789197 nsecs RQ    7    2
   1   1   1   1   1   1   1   3   1   1  -1  -1  -1  -1  -1  -1  -1  -1  -1  -1   1   1   1   1   1   1   1   1   1   1  -1  -1  -1  -1  -1  -1  -1  -1  -1  -1  -1  -1  -1  -1  -1  -1  -1  -1  -1  -1  -1  -1  -1  -1  -1  -1  -1  -1  -1  -1  -1  -1  -1  -1	 84997592805225 nsecs RQ    7    3
   1   1   1   1   1   1   1   2   1   1  -1  -1  -1  -1  -1  -1  -1  -1  -1  -1   1   1   1   1   1   1   1   1   1   1  -1  -1  -1  -1  -1  -1  -1  -1  -1  -1  -1  -1  -1  -1  -1  -1  -1  -1  -1  -1  -1  -1  -1  -1  -1  -1  -1  -1  -1  -1  -1  -1  -1  -1	 84997592813319 nsecs RQ    7    2
   1   1   1   1   1   1   1   3   1   1  -1  -1  -1  -1  -1  -1  -1  -1  -1  -1   1   1   1   1   1   1   1   1   1   1  -1  -1  -1  -1  -1  -1  -1  -1  -1  -1  -1  -1  -1  -1  -1  -1  -1  -1  -1  -1  -1  -1  -1  -1  -1  -1  -1  -1  -1  -1  -1  -1  -1  -1	 84997592821561 nsecs RQ    7    3
   1   1   1   1   1   1   1   2   1   1  -1  -1  -1  -1  -1  -1  -1  -1  -1  -1   1   1   1   1   1   1   1   1   1   1  -1  -1  -1  -1  -1  -1  -1  -1  -1  -1  -1  -1  -1  -1  -1  -1  -1  -1  -1  -1  -1  -1  -1  -1  -1  -1  -1  -1  -1  -1  -1  -1  -1  -1	 84997592823615 nsecs RQ    7    2
   1   1   1   1   1   1   1   3   1   1  -1  -1  -1  -1  -1  -1  -1  -1  -1  -1   1   1   1   1   1   1   1   1   1   1  -1  -1  -1  -1  -1  -1  -1  -1  -1  -1  -1  -1  -1  -1  -1  -1  -1  -1  -1  -1  -1  -1  -1  -1  -1  -1  -1  -1  -1  -1  -1  -1  -1  -1	 84997592845523 nsecs RQ    7    3
   1   1   1   1   1   1   1   2   1   1  -1  -1  -1  -1  -1  -1  -1  -1  -1  -1   1   1   1   1   1   1   1   1   1   1  -1  -1  -1  -1  -1  -1  -1  -1  -1  -1  -1  -1  -1  -1  -1  -1  -1  -1  -1  -1  -1  -1  -1  -1  -1  -1  -1  -1  -1  -1  -1  -1  -1  -1	 84997592850928 nsecs RQ    7    2
   1   1   1   1   1   1   1   3   1   1  -1  -1  -1  -1  -1  -1  -1  -1  -1  -1   1   1   1   1   1   1   1   1   1   1  -1  -1  -1  -1  -1  -1  -1  -1  -1  -1  -1  -1  -1  -1  -1  -1  -1  -1  -1  -1  -1  -1  -1  -1  -1  -1  -1  -1  -1  -1  -1  -1  -1  -1	 84997592862976 nsecs RQ    7    3
   1   1   1   1   1   1   1   2   1   1  -1  -1  -1  -1  -1  -1  -1  -1  -1  -1   1   1   1   1   1   1   1   1   1   1  -1  -1  -1  -1  -1  -1  -1  -1  -1  -1  -1  -1  -1  -1  -1  -1  -1  -1  -1  -1  -1  -1  -1  -1  -1  -1  -1  -1  -1  -1  -1  -1  -1  -1	 84997592864550 nsecs RQ    7    2
   1   1   1   1   1   1   1   2   2   1  -1  -1  -1  -1  -1  -1  -1  -1  -1  -1   1   1   1   1   1   1   1   1   1   1  -1  -1  -1  -1  -1  -1  -1  -1  -1  -1  -1  -1  -1  -1  -1  -1  -1  -1  -1  -1  -1  -1  -1  -1  -1  -1  -1  -1  -1  -1  -1  -1  -1  -1	 84997592876364 nsecs RQ    8    2
   1   1   1   1   1   1   1   1   2   1  -1  -1  -1  -1  -1  -1  -1  -1  -1  -1   1   1   1   1   1   1   1   1   1   1  -1  -1  -1  -1  -1  -1  -1  -1  -1  -1  -1  -1  -1  -1  -1  -1  -1  -1  -1  -1  -1  -1  -1  -1  -1  -1  -1  -1  -1  -1  -1  -1  -1  -1	 84997592881981 nsecs RQ    7    1
   1   1   1   1   1   1   1   1   3   1  -1  -1  -1  -1  -1  -1  -1  -1  -1  -1   1   1   1   1   1   1   1   1   1   1  -1  -1  -1  -1  -1  -1  -1  -1  -1  -1  -1  -1  -1  -1  -1  -1  -1  -1  -1  -1  -1  -1  -1  -1  -1  -1  -1  -1  -1  -1  -1  -1  -1  -1	 84997592893485 nsecs RQ    8    3
   1   1   1   1   1   1   1   1   2   1  -1  -1  -1  -1  -1  -1  -1  -1  -1  -1   1   1   1   1   1   1   1   1   1   1  -1  -1  -1  -1  -1  -1  -1  -1  -1  -1  -1  -1  -1  -1  -1  -1  -1  -1  -1  -1  -1  -1  -1  -1  -1  -1  -1  -1  -1  -1  -1  -1  -1  -1	 84997592896327 nsecs RQ    8    2
   1   1   1   1   1   1   1   1   3   1  -1  -1  -1  -1  -1  -1  -1  -1  -1  -1   1   1   1   1   1   1   1   1   1   1  -1  -1  -1  -1  -1  -1  -1  -1  -1  -1  -1  -1  -1  -1  -1  -1  -1  -1  -1  -1  -1  -1  -1  -1  -1  -1  -1  -1  -1  -1  -1  -1  -1  -1	 84997593002100 nsecs RQ    8    3
   1   1   1   1   1   1   1   1   2   1  -1  -1  -1  -1  -1  -1  -1  -1  -1  -1   1   1   1   1   1   1   1   1   1   1  -1  -1  -1  -1  -1  -1  -1  -1  -1  -1  -1  -1  -1  -1  -1  -1  -1  -1  -1  -1  -1  -1  -1  -1  -1  -1  -1  -1  -1  -1  -1  -1  -1  -1	 84997593023445 nsecs RQ    8    2
   1   1   1   1   1   1   1   1   3   1  -1  -1  -1  -1  -1  -1  -1  -1  -1  -1   1   1   1   1   1   1   1   1   1   1  -1  -1  -1  -1  -1  -1  -1  -1  -1  -1  -1  -1  -1  -1  -1  -1  -1  -1  -1  -1  -1  -1  -1  -1  -1  -1  -1  -1  -1  -1  -1  -1  -1  -1	 84997593040447 nsecs RQ    8    3
   1   1   1   1   1   1   1   1   2   1  -1  -1  -1  -1  -1  -1  -1  -1  -1  -1   1   1   1   1   1   1   1   1   1   1  -1  -1  -1  -1  -1  -1  -1  -1  -1  -1  -1  -1  -1  -1  -1  -1  -1  -1  -1  -1  -1  -1  -1  -1  -1  -1  -1  -1  -1  -1  -1  -1  -1  -1	 84997593042480 nsecs RQ    8    2
   1   1   1   1   1   1   1   1   1   1  -1  -1  -1  -1  -1  -1  -1  -1  -1  -1   1   1   1   1   1   1   1   1   1   1  -1  -1  -1  -1  -1  -1  -1  -1  -1  -1  -1  -1  -1  -1  -1  -1  -1  -1  -1  -1  -1  -1  -1  -1  -1  -1  -1  -1  -1  -1  -1  -1  -1  -1	 84997593055152 nsecs RQ    8    1
   1   1   1   1   1   1   1   1   2   1  -1  -1  -1  -1  -1  -1  -1  -1  -1  -1   1   1   1   1   1   1   1   1   1   1  -1  -1  -1  -1  -1  -1  -1  -1  -1  -1  -1  -1  -1  -1  -1  -1  -1  -1  -1  -1  -1  -1  -1  -1  -1  -1  -1  -1  -1  -1  -1  -1  -1  -1	 84997596006438 nsecs RQ    8    2
   1   1   1   1   1   1   1   1   1   1  -1  -1  -1  -1  -1  -1  -1  -1  -1  -1   1   1   1   1   1   1   1   1   1   1  -1  -1  -1  -1  -1  -1  -1  -1  -1  -1  -1  -1  -1  -1  -1  -1  -1  -1  -1  -1  -1  -1  -1  -1  -1  -1  -1  -1  -1  -1  -1  -1  -1  -1	 84997596011183 nsecs RQ    8    1
   1   1   1   1   1   1   1   1   2   1  -1  -1  -1  -1  -1  -1  -1  -1  -1  -1   1   1   1   1   1   1   1   1   1   1  -1  -1  -1  -1  -1  -1  -1  -1  -1  -1  -1  -1  -1  -1  -1  -1  -1  -1  -1  -1  -1  -1  -1  -1  -1  -1  -1  -1  -1  -1  -1  -1  -1  -1	 84997604004206 nsecs RQ    8    2
   1   1   1   1   1   1   1   1   1   1  -1  -1  -1  -1  -1  -1  -1  -1  -1  -1   1   1   1   1   1   1   1   1   1   1  -1  -1  -1  -1  -1  -1  -1  -1  -1  -1  -1  -1  -1  -1  -1  -1  -1  -1  -1  -1  -1  -1  -1  -1  -1  -1  -1  -1  -1  -1  -1  -1  -1  -1	 84997604009154 nsecs RQ    8    1
   1   1   1   1   1   1   1   1   2   1  -1  -1  -1  -1  -1  -1  -1  -1  -1  -1   1   1   1   1   1   1   1   1   1   1  -1  -1  -1  -1  -1  -1  -1  -1  -1  -1  -1  -1  -1  -1  -1  -1  -1  -1  -1  -1  -1  -1  -1  -1  -1  -1  -1  -1  -1  -1  -1  -1  -1  -1	 84997612004132 nsecs RQ    8    2
   1   1   1   1   1   1   1   1   1   1  -1  -1  -1  -1  -1  -1  -1  -1  -1  -1   1   1   1   1   1   1   1   1   1   1  -1  -1  -1  -1  -1  -1  -1  -1  -1  -1  -1  -1  -1  -1  -1  -1  -1  -1  -1  -1  -1  -1  -1  -1  -1  -1  -1  -1  -1  -1  -1  -1  -1  -1	 84997612008432 nsecs RQ    8    1
   1   1   1   1   1   1   1   1   2   1  -1  -1  -1  -1  -1  -1  -1  -1  -1  -1   1   1   1   1   1   1   1   1   1   1  -1  -1  -1  -1  -1  -1  -1  -1  -1  -1  -1  -1  -1  -1  -1  -1  -1  -1  -1  -1  -1  -1  -1  -1  -1  -1  -1  -1  -1  -1  -1  -1  -1  -1	 84997620003835 nsecs RQ    8    2
   2   1   1   1   1   1   1   1   2   1  -1  -1  -1  -1  -1  -1  -1  -1  -1  -1   1   1   1   1   1   1   1   1   1   1  -1  -1  -1  -1  -1  -1  -1  -1  -1  -1  -1  -1  -1  -1  -1  -1  -1  -1  -1  -1  -1  -1  -1  -1  -1  -1  -1  -1  -1  -1  -1  -1  -1  -1	 84997620005456 nsecs RQ    0    2
   2   1   1   1   1   1   1   1   1   1  -1  -1  -1  -1  -1  -1  -1  -1  -1  -1   1   1   1   1   1   1   1   1   1   1  -1  -1  -1  -1  -1  -1  -1  -1  -1  -1  -1  -1  -1  -1  -1  -1  -1  -1  -1  -1  -1  -1  -1  -1  -1  -1  -1  -1  -1  -1  -1  -1  -1  -1	 84997620007259 nsecs RQ    8    1
   1   1   1   1   1   1   1   1   1   1  -1  -1  -1  -1  -1  -1  -1  -1  -1  -1   1   1   1   1   1   1   1   1   1   1  -1  -1  -1  -1  -1  -1  -1  -1  -1  -1  -1  -1  -1  -1  -1  -1  -1  -1  -1  -1  -1  -1  -1  -1  -1  -1  -1  -1  -1  -1  -1  -1  -1  -1	 84997620012839 nsecs RQ    0    1
   2   1   1   1   1   1   1   1   1   1  -1  -1  -1  -1  -1  -1  -1  -1  -1  -1   1   1   1   1   1   1   1   1   1   1  -1  -1  -1  -1  -1  -1  -1  -1  -1  -1  -1  -1  -1  -1  -1  -1  -1  -1  -1  -1  -1  -1  -1  -1  -1  -1  -1  -1  -1  -1  -1  -1  -1  -1	 84997624005354 nsecs RQ    0    2
   1   1   1   1   1   1   1   1   1   1  -1  -1  -1  -1  -1  -1  -1  -1  -1  -1   1   1   1   1   1   1   1   1   1   1  -1  -1  -1  -1  -1  -1  -1  -1  -1  -1  -1  -1  -1  -1  -1  -1  -1  -1  -1  -1  -1  -1  -1  -1  -1  -1  -1  -1  -1  -1  -1  -1  -1  -1	 84997624008440 nsecs RQ    0    1
   1   2   1   1   1   1   1   1   1   1  -1  -1  -1  -1  -1  -1  -1  -1  -1  -1   1   1   1   1   1   1   1   1   1   1  -1  -1  -1  -1  -1  -1  -1  -1  -1  -1  -1  -1  -1  -1  -1  -1  -1  -1  -1  -1  -1  -1  -1  -1  -1  -1  -1  -1  -1  -1  -1  -1  -1  -1	 84997628005336 nsecs RQ    1    2
   1   1   1   1   1   1   1   1   1   1  -1  -1  -1  -1  -1  -1  -1  -1  -1  -1   1   1   1   1   1   1   1   1   1   1  -1  -1  -1  -1  -1  -1  -1  -1  -1  -1  -1  -1  -1  -1  -1  -1  -1  -1  -1  -1  -1  -1  -1  -1  -1  -1  -1  -1  -1  -1  -1  -1  -1  -1	 84997628015671 nsecs RQ    1    1
   2   1   1   1   1   1   1   1   1   1  -1  -1  -1  -1  -1  -1  -1  -1  -1  -1   1   1   1   1   1   1   1   1   1   1  -1  -1  -1  -1  -1  -1  -1  -1  -1  -1  -1  -1  -1  -1  -1  -1  -1  -1  -1  -1  -1  -1  -1  -1  -1  -1  -1  -1  -1  -1  -1  -1  -1  -1	 84997666428023 nsecs RQ    0    2
   1   1   1   1   1   1   1   1   1   1  -1  -1  -1  -1  -1  -1  -1  -1  -1  -1   1   1   1   1   1   1   1   1   1   1  -1  -1  -1  -1  -1  -1  -1  -1  -1  -1  -1  -1  -1  -1  -1  -1  -1  -1  -1  -1  -1  -1  -1  -1  -1  -1  -1  -1  -1  -1  -1  -1  -1  -1	 84997666458195 nsecs RQ    0    1
   2   1   1   1   1   1   1   1   1   1  -1  -1  -1  -1  -1  -1  -1  -1  -1  -1   1   1   1   1   1   1   1   1   1   1  -1  -1  -1  -1  -1  -1  -1  -1  -1  -1  -1  -1  -1  -1  -1  -1  -1  -1  -1  -1  -1  -1  -1  -1  -1  -1  -1  -1  -1  -1  -1  -1  -1  -1	 84997668004800 nsecs RQ    0    2
   1   1   1   1   1   1   1   1   1   1  -1  -1  -1  -1  -1  -1  -1  -1  -1  -1   1   1   1   1   1   1   1   1   1   1  -1  -1  -1  -1  -1  -1  -1  -1  -1  -1  -1  -1  -1  -1  -1  -1  -1  -1  -1  -1  -1  -1  -1  -1  -1  -1  -1  -1  -1  -1  -1  -1  -1  -1	 84997668008019 nsecs RQ    0    1
   2   1   1   1   1   1   1   1   1   1  -1  -1  -1  -1  -1  -1  -1  -1  -1  -1   1   1   1   1   1   1   1   1   1   1  -1  -1  -1  -1  -1  -1  -1  -1  -1  -1  -1  -1  -1  -1  -1  -1  -1  -1  -1  -1  -1  -1  -1  -1  -1  -1  -1  -1  -1  -1  -1  -1  -1  -1	 84997676004061 nsecs RQ    0    2
   1   1   1   1   1   1   1   1   1   1  -1  -1  -1  -1  -1  -1  -1  -1  -1  -1   1   1   1   1   1   1   1   1   1   1  -1  -1  -1  -1  -1  -1  -1  -1  -1  -1  -1  -1  -1  -1  -1  -1  -1  -1  -1  -1  -1  -1  -1  -1  -1  -1  -1  -1  -1  -1  -1  -1  -1  -1	 84997676008909 nsecs RQ    0    1
   2   1   1   1   1   1   1   1   1   1  -1  -1  -1  -1  -1  -1  -1  -1  -1  -1   1   1   1   1   1   1   1   1   1   1  -1  -1  -1  -1  -1  -1  -1  -1  -1  -1  -1  -1  -1  -1  -1  -1  -1  -1  -1  -1  -1  -1  -1  -1  -1  -1  -1  -1  -1  -1  -1  -1  -1  -1	 84997684003784 nsecs RQ    0    2
   1   1   1   1   1   1   1   1   1   1  -1  -1  -1  -1  -1  -1  -1  -1  -1  -1   1   1   1   1   1   1   1   1   1   1  -1  -1  -1  -1  -1  -1  -1  -1  -1  -1  -1  -1  -1  -1  -1  -1  -1  -1  -1  -1  -1  -1  -1  -1  -1  -1  -1  -1  -1  -1  -1  -1  -1  -1	 84997684007600 nsecs RQ    0    1
   2   1   1   1   1   1   1   1   1   1  -1  -1  -1  -1  -1  -1  -1  -1  -1  -1   1   1   1   1   1   1   1   1   1   1  -1  -1  -1  -1  -1  -1  -1  -1  -1  -1  -1  -1  -1  -1  -1  -1  -1  -1  -1  -1  -1  -1  -1  -1  -1  -1  -1  -1  -1  -1  -1  -1  -1  -1	 84997692003963 nsecs RQ    0    2
   1   1   1   1   1   1   1   1   1   1  -1  -1  -1  -1  -1  -1  -1  -1  -1  -1   1   1   1   1   1   1   1   1   1   1  -1  -1  -1  -1  -1  -1  -1  -1  -1  -1  -1  -1  -1  -1  -1  -1  -1  -1  -1  -1  -1  -1  -1  -1  -1  -1  -1  -1  -1  -1  -1  -1  -1  -1	 84997692007042 nsecs RQ    0    1
   1   1   1   1   1   1   1   1   1   1  -1  -1  -1  -1  -1  -1  -1  -1  -1  -1   1   1   2   1   1   1   1   1   1   1  -1  -1  -1  -1  -1  -1  -1  -1  -1  -1  -1  -1  -1  -1  -1  -1  -1  -1  -1  -1  -1  -1  -1  -1  -1  -1  -1  -1  -1  -1  -1  -1  -1  -1	 84997696006271 nsecs RQ   22    2
   1   1   1   1   1   1   1   1   1   1  -1  -1  -1  -1  -1  -1  -1  -1  -1  -1   1   1   1   1   1   1   1   1   1   1  -1  -1  -1  -1  -1  -1  -1  -1  -1  -1  -1  -1  -1  -1  -1  -1  -1  -1  -1  -1  -1  -1  -1  -1  -1  -1  -1  -1  -1  -1  -1  -1  -1  -1	 84997696011511 nsecs RQ   22    1
   1   1   1   1   1   1   1   1   1   1  -1  -1  -1  -1  -1  -1  -1  -1  -1  -1   1   1   1   1   1   2   1   1   1   1  -1  -1  -1  -1  -1  -1  -1  -1  -1  -1  -1  -1  -1  -1  -1  -1  -1  -1  -1  -1  -1  -1  -1  -1  -1  -1  -1  -1  -1  -1  -1  -1  -1  -1	 84997719111522 nsecs RQ   25    2
   1   1   1   1   1   1   1   1   1   1  -1  -1  -1  -1  -1  -1  -1  -1  -1  -1   1   1   1   1   1   1   1   1   1   1  -1  -1  -1  -1  -1  -1  -1  -1  -1  -1  -1  -1  -1  -1  -1  -1  -1  -1  -1  -1  -1  -1  -1  -1  -1  -1  -1  -1  -1  -1  -1  -1  -1  -1	 84997719225910 nsecs RQ   25    1
   1   1   1   1   1   1   1   1   1   2  -1  -1  -1  -1  -1  -1  -1  -1  -1  -1   1   1   1   1   1   1   1   1   1   1  -1  -1  -1  -1  -1  -1  -1  -1  -1  -1  -1  -1  -1  -1  -1  -1  -1  -1  -1  -1  -1  -1  -1  -1  -1  -1  -1  -1  -1  -1  -1  -1  -1  -1	 84997724003683 nsecs RQ    9    2
   1   1   1   1   1   1   1   1   1   1  -1  -1  -1  -1  -1  -1  -1  -1  -1  -1   1   1   1   1   1   1   1   1   1   1  -1  -1  -1  -1  -1  -1  -1  -1  -1  -1  -1  -1  -1  -1  -1  -1  -1  -1  -1  -1  -1  -1  -1  -1  -1  -1  -1  -1  -1  -1  -1  -1  -1  -1	 84997724008786 nsecs RQ    9    1
   2   1   1   1   1   1   1   1   1   1  -1  -1  -1  -1  -1  -1  -1  -1  -1  -1   1   1   1   1   1   1   1   1   1   1  -1  -1  -1  -1  -1  -1  -1  -1  -1  -1  -1  -1  -1  -1  -1  -1  -1  -1  -1  -1  -1  -1  -1  -1  -1  -1  -1  -1  -1  -1  -1  -1  -1  -1	 84997724971335 nsecs RQ    0    2
   1   1   1   1   1   1   1   1   1   1  -1  -1  -1  -1  -1  -1  -1  -1  -1  -1   1   1   1   1   1   1   1   1   1   1  -1  -1  -1  -1  -1  -1  -1  -1  -1  -1  -1  -1  -1  -1  -1  -1  -1  -1  -1  -1  -1  -1  -1  -1  -1  -1  -1  -1  -1  -1  -1  -1  -1  -1	 84997725013452 nsecs RQ    0    1
   1   2   1   1   1   1   1   1   1   1  -1  -1  -1  -1  -1  -1  -1  -1  -1  -1   1   1   1   1   1   1   1   1   1   1  -1  -1  -1  -1  -1  -1  -1  -1  -1  -1  -1  -1  -1  -1  -1  -1  -1  -1  -1  -1  -1  -1  -1  -1  -1  -1  -1  -1  -1  -1  -1  -1  -1  -1	 84997756004402 nsecs RQ    1    2
   1   1   1   1   1   1   1   1   1   1  -1  -1  -1  -1  -1  -1  -1  -1  -1  -1   1   1   1   1   1   1   1   1   1   1  -1  -1  -1  -1  -1  -1  -1  -1  -1  -1  -1  -1  -1  -1  -1  -1  -1  -1  -1  -1  -1  -1  -1  -1  -1  -1  -1  -1  -1  -1  -1  -1  -1  -1	 84997756013608 nsecs RQ    1    1
   1   1   1   1   1   1   1   2   1   1  -1  -1  -1  -1  -1  -1  -1  -1  -1  -1   1   1   1   1   1   1   1   1   1   1  -1  -1  -1  -1  -1  -1  -1  -1  -1  -1  -1  -1  -1  -1  -1  -1  -1  -1  -1  -1  -1  -1  -1  -1  -1  -1  -1  -1  -1  -1  -1  -1  -1  -1	 84997760003974 nsecs RQ    7    2
   1   1   1   1   1   1   1   1   1   1  -1  -1  -1  -1  -1  -1  -1  -1  -1  -1   1   1   1   1   1   1   1   1   1   1  -1  -1  -1  -1  -1  -1  -1  -1  -1  -1  -1  -1  -1  -1  -1  -1  -1  -1  -1  -1  -1  -1  -1  -1  -1  -1  -1  -1  -1  -1  -1  -1  -1  -1	 84997760018422 nsecs RQ    7    1
   1   1   1   1   1   1   1   1   1   1  -1  -1  -1  -1  -1  -1  -1  -1  -1  -1   1   1   1   1   1   2   1   1   1   1  -1  -1  -1  -1  -1  -1  -1  -1  -1  -1  -1  -1  -1  -1  -1  -1  -1  -1  -1  -1  -1  -1  -1  -1  -1  -1  -1  -1  -1  -1  -1  -1  -1  -1	 84997781670950 nsecs RQ   25    2
   1   1   1   1   1   1   1   1   1   1  -1  -1  -1  -1  -1  -1  -1  -1  -1  -1   1   1   1   1   1   1   1   1   1   1  -1  -1  -1  -1  -1  -1  -1  -1  -1  -1  -1  -1  -1  -1  -1  -1  -1  -1  -1  -1  -1  -1  -1  -1  -1  -1  -1  -1  -1  -1  -1  -1  -1  -1	 84997781680594 nsecs RQ   25    1
   2   1   1   1   1   1   1   1   1   1  -1  -1  -1  -1  -1  -1  -1  -1  -1  -1   1   1   1   1   1   1   1   1   1   1  -1  -1  -1  -1  -1  -1  -1  -1  -1  -1  -1  -1  -1  -1  -1  -1  -1  -1  -1  -1  -1  -1  -1  -1  -1  -1  -1  -1  -1  -1  -1  -1  -1  -1	 84997783083019 nsecs RQ    0    2
   1   1   1   1   1   1   1   1   1   1  -1  -1  -1  -1  -1  -1  -1  -1  -1  -1   1   1   1   1   1   1   1   1   1   1  -1  -1  -1  -1  -1  -1  -1  -1  -1  -1  -1  -1  -1  -1  -1  -1  -1  -1  -1  -1  -1  -1  -1  -1  -1  -1  -1  -1  -1  -1  -1  -1  -1  -1	 84997783488368 nsecs RQ    0    1
   2   1   1   1   1   1   1   1   1   1  -1  -1  -1  -1  -1  -1  -1  -1  -1  -1   1   1   1   1   1   1   1   1   1   1  -1  -1  -1  -1  -1  -1  -1  -1  -1  -1  -1  -1  -1  -1  -1  -1  -1  -1  -1  -1  -1  -1  -1  -1  -1  -1  -1  -1  -1  -1  -1  -1  -1  -1	 84997783498735 nsecs RQ    0    2
   1   1   1   1   1   1   1   1   1   1  -1  -1  -1  -1  -1  -1  -1  -1  -1  -1   1   1   1   1   1   1   1   1   1   1  -1  -1  -1  -1  -1  -1  -1  -1  -1  -1  -1  -1  -1  -1  -1  -1  -1  -1  -1  -1  -1  -1  -1  -1  -1  -1  -1  -1  -1  -1  -1  -1  -1  -1	 84997783614639 nsecs RQ    0    1
   2   1   1   1   1   1   1   1   1   1  -1  -1  -1  -1  -1  -1  -1  -1  -1  -1   1   1   1   1   1   1   1   1   1   1  -1  -1  -1  -1  -1  -1  -1  -1  -1  -1  -1  -1  -1  -1  -1  -1  -1  -1  -1  -1  -1  -1  -1  -1  -1  -1  -1  -1  -1  -1  -1  -1  -1  -1	 84997824004983 nsecs RQ    0    2
   2   2   1   1   1   1   1   1   1   1  -1  -1  -1  -1  -1  -1  -1  -1  -1  -1   1   1   1   1   1   1   1   1   1   1  -1  -1  -1  -1  -1  -1  -1  -1  -1  -1  -1  -1  -1  -1  -1  -1  -1  -1  -1  -1  -1  -1  -1  -1  -1  -1  -1  -1  -1  -1  -1  -1  -1  -1	 84997824008647 nsecs RQ    1    2
   2   1   1   1   1   1   1   1   1   1  -1  -1  -1  -1  -1  -1  -1  -1  -1  -1   1   1   1   1   1   1   1   1   1   1  -1  -1  -1  -1  -1  -1  -1  -1  -1  -1  -1  -1  -1  -1  -1  -1  -1  -1  -1  -1  -1  -1  -1  -1  -1  -1  -1  -1  -1  -1  -1  -1  -1  -1	 84997824016850 nsecs RQ    1    1
   2   2   1   1   1   1   1   1   1   1  -1  -1  -1  -1  -1  -1  -1  -1  -1  -1   1   1   1   1   1   1   1   1   1   1  -1  -1  -1  -1  -1  -1  -1  -1  -1  -1  -1  -1  -1  -1  -1  -1  -1  -1  -1  -1  -1  -1  -1  -1  -1  -1  -1  -1  -1  -1  -1  -1  -1  -1	 84997824027262 nsecs RQ    1    2
   2   2   2   1   1   1   1   1   1   1  -1  -1  -1  -1  -1  -1  -1  -1  -1  -1   1   1   1   1   1   1   1   1   1   1  -1  -1  -1  -1  -1  -1  -1  -1  -1  -1  -1  -1  -1  -1  -1  -1  -1  -1  -1  -1  -1  -1  -1  -1  -1  -1  -1  -1  -1  -1  -1  -1  -1  -1	 84997824029200 nsecs RQ    2    2
   2   2   2   2   1   1   1   1   1   1  -1  -1  -1  -1  -1  -1  -1  -1  -1  -1   1   1   1   1   1   1   1   1   1   1  -1  -1  -1  -1  -1  -1  -1  -1  -1  -1  -1  -1  -1  -1  -1  -1  -1  -1  -1  -1  -1  -1  -1  -1  -1  -1  -1  -1  -1  -1  -1  -1  -1  -1	 84997824031253 nsecs RQ    3    2
   2   2   2   2   2   1   1   1   1   1  -1  -1  -1  -1  -1  -1  -1  -1  -1  -1   1   1   1   1   1   1   1   1   1   1  -1  -1  -1  -1  -1  -1  -1  -1  -1  -1  -1  -1  -1  -1  -1  -1  -1  -1  -1  -1  -1  -1  -1  -1  -1  -1  -1  -1  -1  -1  -1  -1  -1  -1	 84997824033298 nsecs RQ    4    2
   2   1   2   2   2   1   1   1   1   1  -1  -1  -1  -1  -1  -1  -1  -1  -1  -1   1   1   1   1   1   1   1   1   1   1  -1  -1  -1  -1  -1  -1  -1  -1  -1  -1  -1  -1  -1  -1  -1  -1  -1  -1  -1  -1  -1  -1  -1  -1  -1  -1  -1  -1  -1  -1  -1  -1  -1  -1	 84997824034115 nsecs RQ    1    1
   2   1   2   2   2   2   1   1   1   1  -1  -1  -1  -1  -1  -1  -1  -1  -1  -1   1   1   1   1   1   1   1   1   1   1  -1  -1  -1  -1  -1  -1  -1  -1  -1  -1  -1  -1  -1  -1  -1  -1  -1  -1  -1  -1  -1  -1  -1  -1  -1  -1  -1  -1  -1  -1  -1  -1  -1  -1	 84997824035523 nsecs RQ    5    2
   2   1   1   2   2   2   1   1   1   1  -1  -1  -1  -1  -1  -1  -1  -1  -1  -1   1   1   1   1   1   1   1   1   1   1  -1  -1  -1  -1  -1  -1  -1  -1  -1  -1  -1  -1  -1  -1  -1  -1  -1  -1  -1  -1  -1  -1  -1  -1  -1  -1  -1  -1  -1  -1  -1  -1  -1  -1	 84997824037301 nsecs RQ    2    1
   2   1   1   2   2   2   2   1   1   1  -1  -1  -1  -1  -1  -1  -1  -1  -1  -1   1   1   1   1   1   1   1   1   1   1  -1  -1  -1  -1  -1  -1  -1  -1  -1  -1  -1  -1  -1  -1  -1  -1  -1  -1  -1  -1  -1  -1  -1  -1  -1  -1  -1  -1  -1  -1  -1  -1  -1  -1	 84997824037642 nsecs RQ    6    2
   2   1   1   1   2   2   2   1   1   1  -1  -1  -1  -1  -1  -1  -1  -1  -1  -1   1   1   1   1   1   1   1   1   1   1  -1  -1  -1  -1  -1  -1  -1  -1  -1  -1  -1  -1  -1  -1  -1  -1  -1  -1  -1  -1  -1  -1  -1  -1  -1  -1  -1  -1  -1  -1  -1  -1  -1  -1	 84997824038676 nsecs RQ    3    1
   2   1   1   1   1   2   2   1   1   1  -1  -1  -1  -1  -1  -1  -1  -1  -1  -1   1   1   1   1   1   1   1   1   1   1  -1  -1  -1  -1  -1  -1  -1  -1  -1  -1  -1  -1  -1  -1  -1  -1  -1  -1  -1  -1  -1  -1  -1  -1  -1  -1  -1  -1  -1  -1  -1  -1  -1  -1	 84997824039844 nsecs RQ    4    1
   2   1   1   1   1   2   2   1   2   1  -1  -1  -1  -1  -1  -1  -1  -1  -1  -1   1   1   1   1   1   1   1   1   1   1  -1  -1  -1  -1  -1  -1  -1  -1  -1  -1  -1  -1  -1  -1  -1  -1  -1  -1  -1  -1  -1  -1  -1  -1  -1  -1  -1  -1  -1  -1  -1  -1  -1  -1	 84997824040275 nsecs RQ    8    2
   2   1   1   1   1   2   2   1   2   1  -1  -1  -1  -1  -1  -1  -1  -1  -1  -1   2   1   1   1   1   1   1   1   1   1  -1  -1  -1  -1  -1  -1  -1  -1  -1  -1  -1  -1  -1  -1  -1  -1  -1  -1  -1  -1  -1  -1  -1  -1  -1  -1  -1  -1  -1  -1  -1  -1  -1  -1	 84997824041811 nsecs RQ   20    2
   2   1   1   1   1   1   2   1   2   1  -1  -1  -1  -1  -1  -1  -1  -1  -1  -1   2   1   1   1   1   1   1   1   1   1  -1  -1  -1  -1  -1  -1  -1  -1  -1  -1  -1  -1  -1  -1  -1  -1  -1  -1  -1  -1  -1  -1  -1  -1  -1  -1  -1  -1  -1  -1  -1  -1  -1  -1	 84997824043424 nsecs RQ    5    1
   2   1   1   1   1   1   2   1   2   1  -1  -1  -1  -1  -1  -1  -1  -1  -1  -1   2   1   2   1   1   1   1   1   1   1  -1  -1  -1  -1  -1  -1  -1  -1  -1  -1  -1  -1  -1  -1  -1  -1  -1  -1  -1  -1  -1  -1  -1  -1  -1  -1  -1  -1  -1  -1  -1  -1  -1  -1	 84997824043688 nsecs RQ   22    2
   2   1   1   1   1   1   1   1   2   1  -1  -1  -1  -1  -1  -1  -1  -1  -1  -1   2   1   2   1   1   1   1   1   1   1  -1  -1  -1  -1  -1  -1  -1  -1  -1  -1  -1  -1  -1  -1  -1  -1  -1  -1  -1  -1  -1  -1  -1  -1  -1  -1  -1  -1  -1  -1  -1  -1  -1  -1	 84997824044847 nsecs RQ    6    1
   2   1   1   1   1   1   1   1   2   1  -1  -1  -1  -1  -1  -1  -1  -1  -1  -1   2   1   2   2   1   1   1   1   1   1  -1  -1  -1  -1  -1  -1  -1  -1  -1  -1  -1  -1  -1  -1  -1  -1  -1  -1  -1  -1  -1  -1  -1  -1  -1  -1  -1  -1  -1  -1  -1  -1  -1  -1	 84997824045711 nsecs RQ   23    2
   2   1   1   1   1   1   1   1   1   1  -1  -1  -1  -1  -1  -1  -1  -1  -1  -1   2   1   2   2   1   1   1   1   1   1  -1  -1  -1  -1  -1  -1  -1  -1  -1  -1  -1  -1  -1  -1  -1  -1  -1  -1  -1  -1  -1  -1  -1  -1  -1  -1  -1  -1  -1  -1  -1  -1  -1  -1	 84997824046665 nsecs RQ    8    1
   2   1   1   1   1   1   1   1   1   1  -1  -1  -1  -1  -1  -1  -1  -1  -1  -1   1   1   2   2   1   1   1   1   1   1  -1  -1  -1  -1  -1  -1  -1  -1  -1  -1  -1  -1  -1  -1  -1  -1  -1  -1  -1  -1  -1  -1  -1  -1  -1  -1  -1  -1  -1  -1  -1  -1  -1  -1	 84997824047621 nsecs RQ   20    1
   2   1   1   1   1   1   1   1   1   1  -1  -1  -1  -1  -1  -1  -1  -1  -1  -1   1   1   2   2   1   2   1   1   1   1  -1  -1  -1  -1  -1  -1  -1  -1  -1  -1  -1  -1  -1  -1  -1  -1  -1  -1  -1  -1  -1  -1  -1  -1  -1  -1  -1  -1  -1  -1  -1  -1  -1  -1	 84997824047926 nsecs RQ   25    2
   2   1   1   1   1   1   1   1   1   1  -1  -1  -1  -1  -1  -1  -1  -1  -1  -1   1   1   1   2   1   2   1   1   1   1  -1  -1  -1  -1  -1  -1  -1  -1  -1  -1  -1  -1  -1  -1  -1  -1  -1  -1  -1  -1  -1  -1  -1  -1  -1  -1  -1  -1  -1  -1  -1  -1  -1  -1	 84997824049974 nsecs RQ   22    1
   2   1   1   1   1   1   1   1   1   1  -1  -1  -1  -1  -1  -1  -1  -1  -1  -1   1   1   1   2   1   2   1   2   1   1  -1  -1  -1  -1  -1  -1  -1  -1  -1  -1  -1  -1  -1  -1  -1  -1  -1  -1  -1  -1  -1  -1  -1  -1  -1  -1  -1  -1  -1  -1  -1  -1  -1  -1	 84997824050172 nsecs RQ   27    2
   2   1   1   1   1   1   1   1   1   1  -1  -1  -1  -1  -1  -1  -1  -1  -1  -1   1   1   1   1   1   2   1   2   1   1  -1  -1  -1  -1  -1  -1  -1  -1  -1  -1  -1  -1  -1  -1  -1  -1  -1  -1  -1  -1  -1  -1  -1  -1  -1  -1  -1  -1  -1  -1  -1  -1  -1  -1	 84997824051870 nsecs RQ   23    1
   2   1   1   1   1   1   1   1   1   1  -1  -1  -1  -1  -1  -1  -1  -1  -1  -1   1   1   1   1   1   2   1   2   1   2  -1  -1  -1  -1  -1  -1  -1  -1  -1  -1  -1  -1  -1  -1  -1  -1  -1  -1  -1  -1  -1  -1  -1  -1  -1  -1  -1  -1  -1  -1  -1  -1  -1  -1	 84997824052289 nsecs RQ   29    2
   1   1   1   1   1   1   1   1   1   1  -1  -1  -1  -1  -1  -1  -1  -1  -1  -1   1   1   1   1   1   2   1   2   1   2  -1  -1  -1  -1  -1  -1  -1  -1  -1  -1  -1  -1  -1  -1  -1  -1  -1  -1  -1  -1  -1  -1  -1  -1  -1  -1  -1  -1  -1  -1  -1  -1  -1  -1	 84997824053473 nsecs RQ    0    1
   1   1   1   1   1   1   1   1   1   1  -1  -1  -1  -1  -1  -1  -1  -1  -1  -1   1   1   1   1   1   1   1   2   1   2  -1  -1  -1  -1  -1  -1  -1  -1  -1  -1  -1  -1  -1  -1  -1  -1  -1  -1  -1  -1  -1  -1  -1  -1  -1  -1  -1  -1  -1  -1  -1  -1  -1  -1	 84997824054114 nsecs RQ   25    1
   1   1   1   1   1   1   1   1   1   1  -1  -1  -1  -1  -1  -1  -1  -1  -1  -1   1   1   1   1   1   1   1   1   1   2  -1  -1  -1  -1  -1  -1  -1  -1  -1  -1  -1  -1  -1  -1  -1  -1  -1  -1  -1  -1  -1  -1  -1  -1  -1  -1  -1  -1  -1  -1  -1  -1  -1  -1	 84997824057128 nsecs RQ   27    1
   1   1   1   1   1   1   1   1   1   1  -1  -1  -1  -1  -1  -1  -1  -1  -1  -1   1   1   1   1   1   1   1   1   1   1  -1  -1  -1  -1  -1  -1  -1  -1  -1  -1  -1  -1  -1  -1  -1  -1  -1  -1  -1  -1  -1  -1  -1  -1  -1  -1  -1  -1  -1  -1  -1  -1  -1  -1	 84997824058761 nsecs RQ   29    1
   2   1   1   1   1   1   1   1   1   1  -1  -1  -1  -1  -1  -1  -1  -1  -1  -1   1   1   1   1   1   1   1   1   1   1  -1  -1  -1  -1  -1  -1  -1  -1  -1  -1  -1  -1  -1  -1  -1  -1  -1  -1  -1  -1  -1  -1  -1  -1  -1  -1  -1  -1  -1  -1  -1  -1  -1  -1	 84997866660269 nsecs RQ    0    2
   1   1   1   1   1   1   1   1   1   1  -1  -1  -1  -1  -1  -1  -1  -1  -1  -1   1   1   1   1   1   1   1   1   1   1  -1  -1  -1  -1  -1  -1  -1  -1  -1  -1  -1  -1  -1  -1  -1  -1  -1  -1  -1  -1  -1  -1  -1  -1  -1  -1  -1  -1  -1  -1  -1  -1  -1  -1	 84997866696734 nsecs RQ    0    1
   2   1   1   1   1   1   1   1   1   1  -1  -1  -1  -1  -1  -1  -1  -1  -1  -1   1   1   1   1   1   1   1   1   1   1  -1  -1  -1  -1  -1  -1  -1  -1  -1  -1  -1  -1  -1  -1  -1  -1  -1  -1  -1  -1  -1  -1  -1  -1  -1  -1  -1  -1  -1  -1  -1  -1  -1  -1	 84997868005790 nsecs RQ    0    2
   1   1   1   1   1   1   1   1   1   1  -1  -1  -1  -1  -1  -1  -1  -1  -1  -1   1   1   1   1   1   1   1   1   1   1  -1  -1  -1  -1  -1  -1  -1  -1  -1  -1  -1  -1  -1  -1  -1  -1  -1  -1  -1  -1  -1  -1  -1  -1  -1  -1  -1  -1  -1  -1  -1  -1  -1  -1	 84997868009630 nsecs RQ    0    1
   2   1   1   1   1   1   1   1   1   1  -1  -1  -1  -1  -1  -1  -1  -1  -1  -1   1   1   1   1   1   1   1   1   1   1  -1  -1  -1  -1  -1  -1  -1  -1  -1  -1  -1  -1  -1  -1  -1  -1  -1  -1  -1  -1  -1  -1  -1  -1  -1  -1  -1  -1  -1  -1  -1  -1  -1  -1	 84997876003892 nsecs RQ    0    2
   1   1   1   1   1   1   1   1   1   1  -1  -1  -1  -1  -1  -1  -1  -1  -1  -1   1   1   1   1   1   1   1   1   1   1  -1  -1  -1  -1  -1  -1  -1  -1  -1  -1  -1  -1  -1  -1  -1  -1  -1  -1  -1  -1  -1  -1  -1  -1  -1  -1  -1  -1  -1  -1  -1  -1  -1  -1	 84997876008871 nsecs RQ    0    1
   2   1   1   1   1   1   1   1   1   1  -1  -1  -1  -1  -1  -1  -1  -1  -1  -1   1   1   1   1   1   1   1   1   1   1  -1  -1  -1  -1  -1  -1  -1  -1  -1  -1  -1  -1  -1  -1  -1  -1  -1  -1  -1  -1  -1  -1  -1  -1  -1  -1  -1  -1  -1  -1  -1  -1  -1  -1	 84997884003991 nsecs RQ    0    2
   2   2   1   1   1   1   1   1   1   1  -1  -1  -1  -1  -1  -1  -1  -1  -1  -1   1   1   1   1   1   1   1   1   1   1  -1  -1  -1  -1  -1  -1  -1  -1  -1  -1  -1  -1  -1  -1  -1  -1  -1  -1  -1  -1  -1  -1  -1  -1  -1  -1  -1  -1  -1  -1  -1  -1  -1  -1	 84997884004379 nsecs RQ    1    2
   1   2   1   1   1   1   1   1   1   1  -1  -1  -1  -1  -1  -1  -1  -1  -1  -1   1   1   1   1   1   1   1   1   1   1  -1  -1  -1  -1  -1  -1  -1  -1  -1  -1  -1  -1  -1  -1  -1  -1  -1  -1  -1  -1  -1  -1  -1  -1  -1  -1  -1  -1  -1  -1  -1  -1  -1  -1	 84997884008388 nsecs RQ    0    1
   1   1   1   1   1   1   1   1   1   1  -1  -1  -1  -1  -1  -1  -1  -1  -1  -1   1   1   1   1   1   1   1   1   1   1  -1  -1  -1  -1  -1  -1  -1  -1  -1  -1  -1  -1  -1  -1  -1  -1  -1  -1  -1  -1  -1  -1  -1  -1  -1  -1  -1  -1  -1  -1  -1  -1  -1  -1	 84997884013958 nsecs RQ    1    1
   2   1   1   1   1   1   1   1   1   1  -1  -1  -1  -1  -1  -1  -1  -1  -1  -1   1   1   1   1   1   1   1   1   1   1  -1  -1  -1  -1  -1  -1  -1  -1  -1  -1  -1  -1  -1  -1  -1  -1  -1  -1  -1  -1  -1  -1  -1  -1  -1  -1  -1  -1  -1  -1  -1  -1  -1  -1	 84997892003907 nsecs RQ    0    2
   1   1   1   1   1   1   1   1   1   1  -1  -1  -1  -1  -1  -1  -1  -1  -1  -1   1   1   1   1   1   1   1   1   1   1  -1  -1  -1  -1  -1  -1  -1  -1  -1  -1  -1  -1  -1  -1  -1  -1  -1  -1  -1  -1  -1  -1  -1  -1  -1  -1  -1  -1  -1  -1  -1  -1  -1  -1	 84997892007434 nsecs RQ    0    1
   2   1   1   1   1   1   1   1   1   1  -1  -1  -1  -1  -1  -1  -1  -1  -1  -1   1   1   1   1   1   1   1   1   1   1  -1  -1  -1  -1  -1  -1  -1  -1  -1  -1  -1  -1  -1  -1  -1  -1  -1  -1  -1  -1  -1  -1  -1  -1  -1  -1  -1  -1  -1  -1  -1  -1  -1  -1	 84997900004498 nsecs RQ    0    2
   1   1   1   1   1   1   1   1   1   1  -1  -1  -1  -1  -1  -1  -1  -1  -1  -1   1   1   1   1   1   1   1   1   1   1  -1  -1  -1  -1  -1  -1  -1  -1  -1  -1  -1  -1  -1  -1  -1  -1  -1  -1  -1  -1  -1  -1  -1  -1  -1  -1  -1  -1  -1  -1  -1  -1  -1  -1	 84997900007268 nsecs RQ    0    1
   1   1   1   1   1   1   1   1   1   1  -1  -1  -1  -1  -1  -1  -1  -1  -1  -1   1   1   1   1   1   2   1   1   1   1  -1  -1  -1  -1  -1  -1  -1  -1  -1  -1  -1  -1  -1  -1  -1  -1  -1  -1  -1  -1  -1  -1  -1  -1  -1  -1  -1  -1  -1  -1  -1  -1  -1  -1	 84997937675749 nsecs RQ   25    2
   1   1   1   1   1   1   1   1   1   1  -1  -1  -1  -1  -1  -1  -1  -1  -1  -1   1   1   1   1   1   1   1   1   1   1  -1  -1  -1  -1  -1  -1  -1  -1  -1  -1  -1  -1  -1  -1  -1  -1  -1  -1  -1  -1  -1  -1  -1  -1  -1  -1  -1  -1  -1  -1  -1  -1  -1  -1	 84997937707596 nsecs RQ   25    1
   1   1   1   2   1   1   1   1   1   1  -1  -1  -1  -1  -1  -1  -1  -1  -1  -1   1   1   1   1   1   1   1   1   1   1  -1  -1  -1  -1  -1  -1  -1  -1  -1  -1  -1  -1  -1  -1  -1  -1  -1  -1  -1  -1  -1  -1  -1  -1  -1  -1  -1  -1  -1  -1  -1  -1  -1  -1	 84998000564579 nsecs RQ    3    2
   1   1   1   1   1   1   1   1   1   1  -1  -1  -1  -1  -1  -1  -1  -1  -1  -1   1   1   1   1   1   1   1   1   1   1  -1  -1  -1  -1  -1  -1  -1  -1  -1  -1  -1  -1  -1  -1  -1  -1  -1  -1  -1  -1  -1  -1  -1  -1  -1  -1  -1  -1  -1  -1  -1  -1  -1  -1	 84998000584816 nsecs RQ    3    1
   1   2   1   1   1   1   1   1   1   1  -1  -1  -1  -1  -1  -1  -1  -1  -1  -1   1   1   1   1   1   1   1   1   1   1  -1  -1  -1  -1  -1  -1  -1  -1  -1  -1  -1  -1  -1  -1  -1  -1  -1  -1  -1  -1  -1  -1  -1  -1  -1  -1  -1  -1  -1  -1  -1  -1  -1  -1	 84998016004115 nsecs RQ    1    2
   1   1   1   1   1   1   1   1   1   1  -1  -1  -1  -1  -1  -1  -1  -1  -1  -1   1   1   1   1   1   1   1   1   1   1  -1  -1  -1  -1  -1  -1  -1  -1  -1  -1  -1  -1  -1  -1  -1  -1  -1  -1  -1  -1  -1  -1  -1  -1  -1  -1  -1  -1  -1  -1  -1  -1  -1  -1	 84998016013226 nsecs RQ    1    1
   2   1   1   1   1   1   1   1   1   1  -1  -1  -1  -1  -1  -1  -1  -1  -1  -1   1   1   1   1   1   1   1   1   1   1  -1  -1  -1  -1  -1  -1  -1  -1  -1  -1  -1  -1  -1  -1  -1  -1  -1  -1  -1  -1  -1  -1  -1  -1  -1  -1  -1  -1  -1  -1  -1  -1  -1  -1	 84998028005147 nsecs RQ    0    2
   1   1   1   1   1   1   1   1   1   1  -1  -1  -1  -1  -1  -1  -1  -1  -1  -1   1   1   1   1   1   1   1   1   1   1  -1  -1  -1  -1  -1  -1  -1  -1  -1  -1  -1  -1  -1  -1  -1  -1  -1  -1  -1  -1  -1  -1  -1  -1  -1  -1  -1  -1  -1  -1  -1  -1  -1  -1	 84998028011395 nsecs RQ    0    1
   2   1   1   1   1   1   1   1   1   1  -1  -1  -1  -1  -1  -1  -1  -1  -1  -1   1   1   1   1   1   1   1   1   1   1  -1  -1  -1  -1  -1  -1  -1  -1  -1  -1  -1  -1  -1  -1  -1  -1  -1  -1  -1  -1  -1  -1  -1  -1  -1  -1  -1  -1  -1  -1  -1  -1  -1  -1	 84998066897786 nsecs RQ    0    2
   1   1   1   1   1   1   1   1   1   1  -1  -1  -1  -1  -1  -1  -1  -1  -1  -1   1   1   1   1   1   1   1   1   1   1  -1  -1  -1  -1  -1  -1  -1  -1  -1  -1  -1  -1  -1  -1  -1  -1  -1  -1  -1  -1  -1  -1  -1  -1  -1  -1  -1  -1  -1  -1  -1  -1  -1  -1	 84998066923937 nsecs RQ    0    1
   2   1   1   1   1   1   1   1   1   1  -1  -1  -1  -1  -1  -1  -1  -1  -1  -1   1   1   1   1   1   1   1   1   1   1  -1  -1  -1  -1  -1  -1  -1  -1  -1  -1  -1  -1  -1  -1  -1  -1  -1  -1  -1  -1  -1  -1  -1  -1  -1  -1  -1  -1  -1  -1  -1  -1  -1  -1	 84998068004463 nsecs RQ    0    2
   1   1   1   1   1   1   1   1   1   1  -1  -1  -1  -1  -1  -1  -1  -1  -1  -1   1   1   1   1   1   1   1   1   1   1  -1  -1  -1  -1  -1  -1  -1  -1  -1  -1  -1  -1  -1  -1  -1  -1  -1  -1  -1  -1  -1  -1  -1  -1  -1  -1  -1  -1  -1  -1  -1  -1  -1  -1	 84998068007555 nsecs RQ    0    1
   2   1   1   1   1   1   1   1   1   1  -1  -1  -1  -1  -1  -1  -1  -1  -1  -1   1   1   1   1   1   1   1   1   1   1  -1  -1  -1  -1  -1  -1  -1  -1  -1  -1  -1  -1  -1  -1  -1  -1  -1  -1  -1  -1  -1  -1  -1  -1  -1  -1  -1  -1  -1  -1  -1  -1  -1  -1	 84998076003841 nsecs RQ    0    2
   1   1   1   1   1   1   1   1   1   1  -1  -1  -1  -1  -1  -1  -1  -1  -1  -1   1   1   1   1   1   1   1   1   1   1  -1  -1  -1  -1  -1  -1  -1  -1  -1  -1  -1  -1  -1  -1  -1  -1  -1  -1  -1  -1  -1  -1  -1  -1  -1  -1  -1  -1  -1  -1  -1  -1  -1  -1	 84998076008605 nsecs RQ    0    1
   2   1   1   1   1   1   1   1   1   1  -1  -1  -1  -1  -1  -1  -1  -1  -1  -1   1   1   1   1   1   1   1   1   1   1  -1  -1  -1  -1  -1  -1  -1  -1  -1  -1  -1  -1  -1  -1  -1  -1  -1  -1  -1  -1  -1  -1  -1  -1  -1  -1  -1  -1  -1  -1  -1  -1  -1  -1	 84998084003981 nsecs RQ    0    2
   1   1   1   1   1   1   1   1   1   1  -1  -1  -1  -1  -1  -1  -1  -1  -1  -1   1   1   1   1   1   1   1   1   1   1  -1  -1  -1  -1  -1  -1  -1  -1  -1  -1  -1  -1  -1  -1  -1  -1  -1  -1  -1  -1  -1  -1  -1  -1  -1  -1  -1  -1  -1  -1  -1  -1  -1  -1	 84998084008297 nsecs RQ    0    1
   1   2   1   1   1   1   1   1   1   1  -1  -1  -1  -1  -1  -1  -1  -1  -1  -1   1   1   1   1   1   1   1   1   1   1  -1  -1  -1  -1  -1  -1  -1  -1  -1  -1  -1  -1  -1  -1  -1  -1  -1  -1  -1  -1  -1  -1  -1  -1  -1  -1  -1  -1  -1  -1  -1  -1  -1  -1	 84998092005618 nsecs RQ    1    2
   1   1   1   1   1   1   1   1   1   1  -1  -1  -1  -1  -1  -1  -1  -1  -1  -1   1   1   1   1   1   1   1   1   1   1  -1  -1  -1  -1  -1  -1  -1  -1  -1  -1  -1  -1  -1  -1  -1  -1  -1  -1  -1  -1  -1  -1  -1  -1  -1  -1  -1  -1  -1  -1  -1  -1  -1  -1	 84998092009076 nsecs RQ    1    1
   1   2   1   1   1   1   1   1   1   1  -1  -1  -1  -1  -1  -1  -1  -1  -1  -1   1   1   1   1   1   1   1   1   1   1  -1  -1  -1  -1  -1  -1  -1  -1  -1  -1  -1  -1  -1  -1  -1  -1  -1  -1  -1  -1  -1  -1  -1  -1  -1  -1  -1  -1  -1  -1  -1  -1  -1  -1	 84998148004732 nsecs RQ    1    2
   1   1   1   1   1   1   1   1   1   1  -1  -1  -1  -1  -1  -1  -1  -1  -1  -1   1   1   1   1   1   1   1   1   1   1  -1  -1  -1  -1  -1  -1  -1  -1  -1  -1  -1  -1  -1  -1  -1  -1  -1  -1  -1  -1  -1  -1  -1  -1  -1  -1  -1  -1  -1  -1  -1  -1  -1  -1	 84998148014096 nsecs RQ    1    1
   2   1   1   1   1   1   1   1   1   1  -1  -1  -1  -1  -1  -1  -1  -1  -1  -1   1   1   1   1   1   1   1   1   1   1  -1  -1  -1  -1  -1  -1  -1  -1  -1  -1  -1  -1  -1  -1  -1  -1  -1  -1  -1  -1  -1  -1  -1  -1  -1  -1  -1  -1  -1  -1  -1  -1  -1  -1	 84998232005122 nsecs RQ    0    2
   1   1   1   1   1   1   1   1   1   1  -1  -1  -1  -1  -1  -1  -1  -1  -1  -1   1   1   1   1   1   1   1   1   1   1  -1  -1  -1  -1  -1  -1  -1  -1  -1  -1  -1  -1  -1  -1  -1  -1  -1  -1  -1  -1  -1  -1  -1  -1  -1  -1  -1  -1  -1  -1  -1  -1  -1  -1	 84998232010714 nsecs RQ    0    1
   1   1   1   1   1   1   1   1   1   1  -1  -1  -1  -1  -1  -1  -1  -1  -1  -1   2   1   1   1   1   1   1   1   1   1  -1  -1  -1  -1  -1  -1  -1  -1  -1  -1  -1  -1  -1  -1  -1  -1  -1  -1  -1  -1  -1  -1  -1  -1  -1  -1  -1  -1  -1  -1  -1  -1  -1  -1	 84998252674197 nsecs RQ   20    2
   1   1   1   1   1   1   1   1   1   1  -1  -1  -1  -1  -1  -1  -1  -1  -1  -1   1   1   1   1   1   1   1   1   1   1  -1  -1  -1  -1  -1  -1  -1  -1  -1  -1  -1  -1  -1  -1  -1  -1  -1  -1  -1  -1  -1  -1  -1  -1  -1  -1  -1  -1  -1  -1  -1  -1  -1  -1	 84998252679546 nsecs RQ   20    1
   1   1   1   1   1   1   1   1   1   1  -1  -1  -1  -1  -1  -1  -1  -1  -1  -1   1   2   1   1   1   1   1   1   1   1  -1  -1  -1  -1  -1  -1  -1  -1  -1  -1  -1  -1  -1  -1  -1  -1  -1  -1  -1  -1  -1  -1  -1  -1  -1  -1  -1  -1  -1  -1  -1  -1  -1  -1	 84998265886027 nsecs RQ   21    2
   1   1   1   1   1   1   1   1   1   1  -1  -1  -1  -1  -1  -1  -1  -1  -1  -1   1   1   1   1   1   1   1   1   1   1  -1  -1  -1  -1  -1  -1  -1  -1  -1  -1  -1  -1  -1  -1  -1  -1  -1  -1  -1  -1  -1  -1  -1  -1  -1  -1  -1  -1  -1  -1  -1  -1  -1  -1	 84998265890821 nsecs RQ   21    1
   2   1   1   1   1   1   1   1   1   1  -1  -1  -1  -1  -1  -1  -1  -1  -1  -1   1   1   1   1   1   1   1   1   1   1  -1  -1  -1  -1  -1  -1  -1  -1  -1  -1  -1  -1  -1  -1  -1  -1  -1  -1  -1  -1  -1  -1  -1  -1  -1  -1  -1  -1  -1  -1  -1  -1  -1  -1	 84998267125574 nsecs RQ    0    2
   1   1   1   1   1   1   1   1   1   1  -1  -1  -1  -1  -1  -1  -1  -1  -1  -1   1   1   1   1   1   1   1   1   1   1  -1  -1  -1  -1  -1  -1  -1  -1  -1  -1  -1  -1  -1  -1  -1  -1  -1  -1  -1  -1  -1  -1  -1  -1  -1  -1  -1  -1  -1  -1  -1  -1  -1  -1	 84998267159836 nsecs RQ    0    1
   2   1   1   1   1   1   1   1   1   1  -1  -1  -1  -1  -1  -1  -1  -1  -1  -1   1   1   1   1   1   1   1   1   1   1  -1  -1  -1  -1  -1  -1  -1  -1  -1  -1  -1  -1  -1  -1  -1  -1  -1  -1  -1  -1  -1  -1  -1  -1  -1  -1  -1  -1  -1  -1  -1  -1  -1  -1	 84998268005488 nsecs RQ    0    2
   1   1   1   1   1   1   1   1   1   1  -1  -1  -1  -1  -1  -1  -1  -1  -1  -1   1   1   1   1   1   1   1   1   1   1  -1  -1  -1  -1  -1  -1  -1  -1  -1  -1  -1  -1  -1  -1  -1  -1  -1  -1  -1  -1  -1  -1  -1  -1  -1  -1  -1  -1  -1  -1  -1  -1  -1  -1	 84998268009151 nsecs RQ    0    1
   1   1   1   1   1   1   1   1   1   1  -1  -1  -1  -1  -1  -1  -1  -1  -1  -1   1   1   2   1   1   1   1   1   1   1  -1  -1  -1  -1  -1  -1  -1  -1  -1  -1  -1  -1  -1  -1  -1  -1  -1  -1  -1  -1  -1  -1  -1  -1  -1  -1  -1  -1  -1  -1  -1  -1  -1  -1	 84998272200642 nsecs RQ   22    2
   1   1   1   1   1   1   1   1   1   1  -1  -1  -1  -1  -1  -1  -1  -1  -1  -1   1   1   1   1   1   1   1   1   1   1  -1  -1  -1  -1  -1  -1  -1  -1  -1  -1  -1  -1  -1  -1  -1  -1  -1  -1  -1  -1  -1  -1  -1  -1  -1  -1  -1  -1  -1  -1  -1  -1  -1  -1	 84998272205068 nsecs RQ   22    1
   1   2   1   1   1   1   1   1   1   1  -1  -1  -1  -1  -1  -1  -1  -1  -1  -1   1   1   1   1   1   1   1   1   1   1  -1  -1  -1  -1  -1  -1  -1  -1  -1  -1  -1  -1  -1  -1  -1  -1  -1  -1  -1  -1  -1  -1  -1  -1  -1  -1  -1  -1  -1  -1  -1  -1  -1  -1	 84998276004999 nsecs RQ    1    2
   1   1   1   1   1   1   1   1   1   1  -1  -1  -1  -1  -1  -1  -1  -1  -1  -1   1   1   1   1   1   1   1   1   1   1  -1  -1  -1  -1  -1  -1  -1  -1  -1  -1  -1  -1  -1  -1  -1  -1  -1  -1  -1  -1  -1  -1  -1  -1  -1  -1  -1  -1  -1  -1  -1  -1  -1  -1	 84998276014944 nsecs RQ    1    1
   1   1   1   1   1   1   1   1   1   1  -1  -1  -1  -1  -1  -1  -1  -1  -1  -1   1   1   1   2   1   1   1   1   1   1  -1  -1  -1  -1  -1  -1  -1  -1  -1  -1  -1  -1  -1  -1  -1  -1  -1  -1  -1  -1  -1  -1  -1  -1  -1  -1  -1  -1  -1  -1  -1  -1  -1  -1	 84998278647270 nsecs RQ   23    2
   1   1   1   1   1   1   1   1   1   1  -1  -1  -1  -1  -1  -1  -1  -1  -1  -1   1   1   1   1   1   1   1   1   1   1  -1  -1  -1  -1  -1  -1  -1  -1  -1  -1  -1  -1  -1  -1  -1  -1  -1  -1  -1  -1  -1  -1  -1  -1  -1  -1  -1  -1  -1  -1  -1  -1  -1  -1	 84998278652009 nsecs RQ   23    1
   2   1   1   1   1   1   1   1   1   1  -1  -1  -1  -1  -1  -1  -1  -1  -1  -1   1   1   1   1   1   1   1   1   1   1  -1  -1  -1  -1  -1  -1  -1  -1  -1  -1  -1  -1  -1  -1  -1  -1  -1  -1  -1  -1  -1  -1  -1  -1  -1  -1  -1  -1  -1  -1  -1  -1  -1  -1	 84998280004235 nsecs RQ    0    2
   1   1   1   1   1   1   1   1   1   1  -1  -1  -1  -1  -1  -1  -1  -1  -1  -1   1   1   1   1   1   1   1   1   1   1  -1  -1  -1  -1  -1  -1  -1  -1  -1  -1  -1  -1  -1  -1  -1  -1  -1  -1  -1  -1  -1  -1  -1  -1  -1  -1  -1  -1  -1  -1  -1  -1  -1  -1	 84998280008667 nsecs RQ    0    1
   1   1   1   1   1   1   1   1   1   1  -1  -1  -1  -1  -1  -1  -1  -1  -1  -1   1   1   1   1   1   2   1   1   1   1  -1  -1  -1  -1  -1  -1  -1  -1  -1  -1  -1  -1  -1  -1  -1  -1  -1  -1  -1  -1  -1  -1  -1  -1  -1  -1  -1  -1  -1  -1  -1  -1  -1  -1	 84998282180941 nsecs RQ   25    2
   1   1   1   1   1   1   1   1   1   1  -1  -1  -1  -1  -1  -1  -1  -1  -1  -1   1   1   1   1   1   1   1   1   1   1  -1  -1  -1  -1  -1  -1  -1  -1  -1  -1  -1  -1  -1  -1  -1  -1  -1  -1  -1  -1  -1  -1  -1  -1  -1  -1  -1  -1  -1  -1  -1  -1  -1  -1	 84998282187888 nsecs RQ   25    1
   1   1   1   1   1   1   1   1   1   1  -1  -1  -1  -1  -1  -1  -1  -1  -1  -1   1   1   1   1   2   1   1   1   1   1  -1  -1  -1  -1  -1  -1  -1  -1  -1  -1  -1  -1  -1  -1  -1  -1  -1  -1  -1  -1  -1  -1  -1  -1  -1  -1  -1  -1  -1  -1  -1  -1  -1  -1	 84998285248624 nsecs RQ   24    2
   1   1   1   1   1   1   1   1   1   1  -1  -1  -1  -1  -1  -1  -1  -1  -1  -1   1   1   1   1   1   1   1   1   1   1  -1  -1  -1  -1  -1  -1  -1  -1  -1  -1  -1  -1  -1  -1  -1  -1  -1  -1  -1  -1  -1  -1  -1  -1  -1  -1  -1  -1  -1  -1  -1  -1  -1  -1	 84998285253178 nsecs RQ   24    1
   2   1   1   1   1   1   1   1   1   1  -1  -1  -1  -1  -1  -1  -1  -1  -1  -1   1   1   1   1   1   1   1   1   1   1  -1  -1  -1  -1  -1  -1  -1  -1  -1  -1  -1  -1  -1  -1  -1  -1  -1  -1  -1  -1  -1  -1  -1  -1  -1  -1  -1  -1  -1  -1  -1  -1  -1  -1	 84998288003930 nsecs RQ    0    2
   1   1   1   1   1   1   1   1   1   1  -1  -1  -1  -1  -1  -1  -1  -1  -1  -1   1   1   1   1   1   1   1   1   1   1  -1  -1  -1  -1  -1  -1  -1  -1  -1  -1  -1  -1  -1  -1  -1  -1  -1  -1  -1  -1  -1  -1  -1  -1  -1  -1  -1  -1  -1  -1  -1  -1  -1  -1	 84998288006869 nsecs RQ    0    1
   1   1   1   1   1   2   1   1   1   1  -1  -1  -1  -1  -1  -1  -1  -1  -1  -1   1   1   1   1   1   1   1   1   1   1  -1  -1  -1  -1  -1  -1  -1  -1  -1  -1  -1  -1  -1  -1  -1  -1  -1  -1  -1  -1  -1  -1  -1  -1  -1  -1  -1  -1  -1  -1  -1  -1  -1  -1	 84998292006012 nsecs RQ    5    2
   1   1   1   1   1   1   1   1   1   1  -1  -1  -1  -1  -1  -1  -1  -1  -1  -1   1   1   1   1   1   1   1   1   1   1  -1  -1  -1  -1  -1  -1  -1  -1  -1  -1  -1  -1  -1  -1  -1  -1  -1  -1  -1  -1  -1  -1  -1  -1  -1  -1  -1  -1  -1  -1  -1  -1  -1  -1	 84998292010194 nsecs RQ    5    1
   1   1   1   1   1   1   1   1   1   1  -1  -1  -1  -1  -1  -1  -1  -1  -1  -1   1   1   1   1   1   2   1   1   1   1  -1  -1  -1  -1  -1  -1  -1  -1  -1  -1  -1  -1  -1  -1  -1  -1  -1  -1  -1  -1  -1  -1  -1  -1  -1  -1  -1  -1  -1  -1  -1  -1  -1  -1	 84998292459987 nsecs RQ   25    2
   1   1   1   1   1   1   1   1   1   1  -1  -1  -1  -1  -1  -1  -1  -1  -1  -1   1   1   1   1   1   1   1   1   1   1  -1  -1  -1  -1  -1  -1  -1  -1  -1  -1  -1  -1  -1  -1  -1  -1  -1  -1  -1  -1  -1  -1  -1  -1  -1  -1  -1  -1  -1  -1  -1  -1  -1  -1	 84998292464127 nsecs RQ   25    1
   1   1   1   1   1   1   1   1   1   1  -1  -1  -1  -1  -1  -1  -1  -1  -1  -1   1   1   1   1   1   1   2   1   1   1  -1  -1  -1  -1  -1  -1  -1  -1  -1  -1  -1  -1  -1  -1  -1  -1  -1  -1  -1  -1  -1  -1  -1  -1  -1  -1  -1  -1  -1  -1  -1  -1  -1  -1	 84998298921056 nsecs RQ   26    2
   1   1   1   1   1   1   1   1   1   1  -1  -1  -1  -1  -1  -1  -1  -1  -1  -1   1   1   1   1   1   1   1   1   1   1  -1  -1  -1  -1  -1  -1  -1  -1  -1  -1  -1  -1  -1  -1  -1  -1  -1  -1  -1  -1  -1  -1  -1  -1  -1  -1  -1  -1  -1  -1  -1  -1  -1  -1	 84998298926388 nsecs RQ   26    1
   1   1   1   1   1   1   1   1   1   1  -1  -1  -1  -1  -1  -1  -1  -1  -1  -1   1   1   1   1   1   1   1   2   1   1  -1  -1  -1  -1  -1  -1  -1  -1  -1  -1  -1  -1  -1  -1  -1  -1  -1  -1  -1  -1  -1  -1  -1  -1  -1  -1  -1  -1  -1  -1  -1  -1  -1  -1	 84998303929017 nsecs RQ   27    2
   1   1   1   1   1   1   1   1   1   1  -1  -1  -1  -1  -1  -1  -1  -1  -1  -1   1   1   1   1   1   1   1   1   1   1  -1  -1  -1  -1  -1  -1  -1  -1  -1  -1  -1  -1  -1  -1  -1  -1  -1  -1  -1  -1  -1  -1  -1  -1  -1  -1  -1  -1  -1  -1  -1  -1  -1  -1	 84998303933299 nsecs RQ   27    1
   1   1   1   1   1   1   1   1   1   1  -1  -1  -1  -1  -1  -1  -1  -1  -1  -1   1   1   1   1   1   1   1   1   2   1  -1  -1  -1  -1  -1  -1  -1  -1  -1  -1  -1  -1  -1  -1  -1  -1  -1  -1  -1  -1  -1  -1  -1  -1  -1  -1  -1  -1  -1  -1  -1  -1  -1  -1	 84998312110513 nsecs RQ   28    2
   1   1   1   1   1   1   1   1   1   1  -1  -1  -1  -1  -1  -1  -1  -1  -1  -1   1   1   1   1   1   1   1   1   1   1  -1  -1  -1  -1  -1  -1  -1  -1  -1  -1  -1  -1  -1  -1  -1  -1  -1  -1  -1  -1  -1  -1  -1  -1  -1  -1  -1  -1  -1  -1  -1  -1  -1  -1	 84998312115031 nsecs RQ   28    1
   1   1   1   1   1   1   1   1   1   1  -1  -1  -1  -1  -1  -1  -1  -1  -1  -1   1   1   1   1   1   1   1   1   1   2  -1  -1  -1  -1  -1  -1  -1  -1  -1  -1  -1  -1  -1  -1  -1  -1  -1  -1  -1  -1  -1  -1  -1  -1  -1  -1  -1  -1  -1  -1  -1  -1  -1  -1	 84998319012617 nsecs RQ   29    2
   1   1   1   1   1   1   1   1   1   1  -1  -1  -1  -1  -1  -1  -1  -1  -1  -1   1   1   1   1   1   1   1   1   1   1  -1  -1  -1  -1  -1  -1  -1  -1  -1  -1  -1  -1  -1  -1  -1  -1  -1  -1  -1  -1  -1  -1  -1  -1  -1  -1  -1  -1  -1  -1  -1  -1  -1  -1	 84998319017161 nsecs RQ   29    1
   1   1   1   1   1   1   1   1   1   1  -1  -1  -1  -1  -1  -1  -1  -1  -1  -1   1   1   1   1   1   1   2   1   1   1  -1  -1  -1  -1  -1  -1  -1  -1  -1  -1  -1  -1  -1  -1  -1  -1  -1  -1  -1  -1  -1  -1  -1  -1  -1  -1  -1  -1  -1  -1  -1  -1  -1  -1	 84998364005806 nsecs RQ   26    2
   1   1   1   1   1   1   1   1   1   1  -1  -1  -1  -1  -1  -1  -1  -1  -1  -1   1   1   1   1   1   1   1   1   1   1  -1  -1  -1  -1  -1  -1  -1  -1  -1  -1  -1  -1  -1  -1  -1  -1  -1  -1  -1  -1  -1  -1  -1  -1  -1  -1  -1  -1  -1  -1  -1  -1  -1  -1	 84998364013167 nsecs RQ   26    1
   1   1   1   1   1   1   1   1   2   1  -1  -1  -1  -1  -1  -1  -1  -1  -1  -1   1   1   1   1   1   1   1   1   1   1  -1  -1  -1  -1  -1  -1  -1  -1  -1  -1  -1  -1  -1  -1  -1  -1  -1  -1  -1  -1  -1  -1  -1  -1  -1  -1  -1  -1  -1  -1  -1  -1  -1  -1	 84998395859418 nsecs RQ    8    2
   1   1   1   1   1   1   1   1   1   1  -1  -1  -1  -1  -1  -1  -1  -1  -1  -1   1   1   1   1   1   1   1   1   1   1  -1  -1  -1  -1  -1  -1  -1  -1  -1  -1  -1  -1  -1  -1  -1  -1  -1  -1  -1  -1  -1  -1  -1  -1  -1  -1  -1  -1  -1  -1  -1  -1  -1  -1	 84998395902677 nsecs RQ    8    1
   1   1   1   1   1   1   1   1   2   1  -1  -1  -1  -1  -1  -1  -1  -1  -1  -1   1   1   1   1   1   1   1   1   1   1  -1  -1  -1  -1  -1  -1  -1  -1  -1  -1  -1  -1  -1  -1  -1  -1  -1  -1  -1  -1  -1  -1  -1  -1  -1  -1  -1  -1  -1  -1  -1  -1  -1  -1	 84998396953977 nsecs RQ    8    2
   1   1   1   1   1   1   1   1   3   1  -1  -1  -1  -1  -1  -1  -1  -1  -1  -1   1   1   1   1   1   1   1   1   1   1  -1  -1  -1  -1  -1  -1  -1  -1  -1  -1  -1  -1  -1  -1  -1  -1  -1  -1  -1  -1  -1  -1  -1  -1  -1  -1  -1  -1  -1  -1  -1  -1  -1  -1	 84998396978044 nsecs RQ    8    3
   1   1   1   1   1   1   1   1   2   1  -1  -1  -1  -1  -1  -1  -1  -1  -1  -1   1   1   1   1   1   1   1   1   1   1  -1  -1  -1  -1  -1  -1  -1  -1  -1  -1  -1  -1  -1  -1  -1  -1  -1  -1  -1  -1  -1  -1  -1  -1  -1  -1  -1  -1  -1  -1  -1  -1  -1  -1	 84998396988387 nsecs RQ    8    2
   1   1   1   1   1   1   1   1   3   1  -1  -1  -1  -1  -1  -1  -1  -1  -1  -1   1   1   1   1   1   1   1   1   1   1  -1  -1  -1  -1  -1  -1  -1  -1  -1  -1  -1  -1  -1  -1  -1  -1  -1  -1  -1  -1  -1  -1  -1  -1  -1  -1  -1  -1  -1  -1  -1  -1  -1  -1	 84998396996172 nsecs RQ    8    3
   1   1   1   1   1   1   1   1   2   1  -1  -1  -1  -1  -1  -1  -1  -1  -1  -1   1   1   1   1   1   1   1   1   1   1  -1  -1  -1  -1  -1  -1  -1  -1  -1  -1  -1  -1  -1  -1  -1  -1  -1  -1  -1  -1  -1  -1  -1  -1  -1  -1  -1  -1  -1  -1  -1  -1  -1  -1	 84998396998203 nsecs RQ    8    2
   1   1   1   1   1   1   1   1   3   1  -1  -1  -1  -1  -1  -1  -1  -1  -1  -1   1   1   1   1   1   1   1   1   1   1  -1  -1  -1  -1  -1  -1  -1  -1  -1  -1  -1  -1  -1  -1  -1  -1  -1  -1  -1  -1  -1  -1  -1  -1  -1  -1  -1  -1  -1  -1  -1  -1  -1  -1	 84998397010080 nsecs RQ    8    3
   1   1   1   1   1   1   1   1   2   1  -1  -1  -1  -1  -1  -1  -1  -1  -1  -1   1   1   1   1   1   1   1   1   1   1  -1  -1  -1  -1  -1  -1  -1  -1  -1  -1  -1  -1  -1  -1  -1  -1  -1  -1  -1  -1  -1  -1  -1  -1  -1  -1  -1  -1  -1  -1  -1  -1  -1  -1	 84998397016370 nsecs RQ    8    2
   1   1   1   1   1   1   1   1   3   1  -1  -1  -1  -1  -1  -1  -1  -1  -1  -1   1   1   1   1   1   1   1   1   1   1  -1  -1  -1  -1  -1  -1  -1  -1  -1  -1  -1  -1  -1  -1  -1  -1  -1  -1  -1  -1  -1  -1  -1  -1  -1  -1  -1  -1  -1  -1  -1  -1  -1  -1	 84998397031471 nsecs RQ    8    3
   1   1   1   1   1   1   1   1   2   1  -1  -1  -1  -1  -1  -1  -1  -1  -1  -1   1   1   1   1   1   1   1   1   1   1  -1  -1  -1  -1  -1  -1  -1  -1  -1  -1  -1  -1  -1  -1  -1  -1  -1  -1  -1  -1  -1  -1  -1  -1  -1  -1  -1  -1  -1  -1  -1  -1  -1  -1	 84998397033019 nsecs RQ    8    2
   1   1   1   1   1   1   1   1   3   1  -1  -1  -1  -1  -1  -1  -1  -1  -1  -1   1   1   1   1   1   1   1   1   1   1  -1  -1  -1  -1  -1  -1  -1  -1  -1  -1  -1  -1  -1  -1  -1  -1  -1  -1  -1  -1  -1  -1  -1  -1  -1  -1  -1  -1  -1  -1  -1  -1  -1  -1	 84998397104796 nsecs RQ    8    3
   1   1   1   1   1   1   1   1   2   1  -1  -1  -1  -1  -1  -1  -1  -1  -1  -1   1   1   1   1   1   1   1   1   1   1  -1  -1  -1  -1  -1  -1  -1  -1  -1  -1  -1  -1  -1  -1  -1  -1  -1  -1  -1  -1  -1  -1  -1  -1  -1  -1  -1  -1  -1  -1  -1  -1  -1  -1	 84998397122035 nsecs RQ    8    2
   1   1   1   1   1   1   1   1   1   1  -1  -1  -1  -1  -1  -1  -1  -1  -1  -1   1   1   1   1   1   1   1   1   1   1  -1  -1  -1  -1  -1  -1  -1  -1  -1  -1  -1  -1  -1  -1  -1  -1  -1  -1  -1  -1  -1  -1  -1  -1  -1  -1  -1  -1  -1  -1  -1  -1  -1  -1	 84998397169127 nsecs RQ    8    1
   1   2   1   1   1   1   1   1   1   1  -1  -1  -1  -1  -1  -1  -1  -1  -1  -1   1   1   1   1   1   1   1   1   1   1  -1  -1  -1  -1  -1  -1  -1  -1  -1  -1  -1  -1  -1  -1  -1  -1  -1  -1  -1  -1  -1  -1  -1  -1  -1  -1  -1  -1  -1  -1  -1  -1  -1  -1	 84998404004080 nsecs RQ    1    2
   1   1   1   1   1   1   1   1   1   1  -1  -1  -1  -1  -1  -1  -1  -1  -1  -1   1   1   1   1   1   1   1   1   1   1  -1  -1  -1  -1  -1  -1  -1  -1  -1  -1  -1  -1  -1  -1  -1  -1  -1  -1  -1  -1  -1  -1  -1  -1  -1  -1  -1  -1  -1  -1  -1  -1  -1  -1	 84998404013358 nsecs RQ    1    1
   1   1   1   1   1   1   1   1   2   1  -1  -1  -1  -1  -1  -1  -1  -1  -1  -1   1   1   1   1   1   1   1   1   1   1  -1  -1  -1  -1  -1  -1  -1  -1  -1  -1  -1  -1  -1  -1  -1  -1  -1  -1  -1  -1  -1  -1  -1  -1  -1  -1  -1  -1  -1  -1  -1  -1  -1  -1	 84998408530444 nsecs RQ    8    2
   1   1   1   1   1   1   1   1   2   1  -1  -1  -1  -1  -1  -1  -1  -1  -1  -1   1   1   1   1   1   1   1   1   2   1  -1  -1  -1  -1  -1  -1  -1  -1  -1  -1  -1  -1  -1  -1  -1  -1  -1  -1  -1  -1  -1  -1  -1  -1  -1  -1  -1  -1  -1  -1  -1  -1  -1  -1	 84998408593794 nsecs RQ   28    2
   1   1   1   1   1   1   1   1   1   1  -1  -1  -1  -1  -1  -1  -1  -1  -1  -1   1   1   1   1   1   1   1   1   2   1  -1  -1  -1  -1  -1  -1  -1  -1  -1  -1  -1  -1  -1  -1  -1  -1  -1  -1  -1  -1  -1  -1  -1  -1  -1  -1  -1  -1  -1  -1  -1  -1  -1  -1	 84998408596304 nsecs RQ    8    1
   1   1   1   1   1   1   1   1   1   1  -1  -1  -1  -1  -1  -1  -1  -1  -1  -1   1   1   1   1   1   1   1   1   3   1  -1  -1  -1  -1  -1  -1  -1  -1  -1  -1  -1  -1  -1  -1  -1  -1  -1  -1  -1  -1  -1  -1  -1  -1  -1  -1  -1  -1  -1  -1  -1  -1  -1  -1	 84998408633758 nsecs RQ   28    3
   1   1   1   1   1   1   1   1   1   1  -1  -1  -1  -1  -1  -1  -1  -1  -1  -1   1   1   1   1   1   1   1   1   2   1  -1  -1  -1  -1  -1  -1  -1  -1  -1  -1  -1  -1  -1  -1  -1  -1  -1  -1  -1  -1  -1  -1  -1  -1  -1  -1  -1  -1  -1  -1  -1  -1  -1  -1	 84998408637911 nsecs RQ   28    2
   1   1   1   1   1   1   1   1   1   2  -1  -1  -1  -1  -1  -1  -1  -1  -1  -1   1   1   1   1   1   1   1   1   2   1  -1  -1  -1  -1  -1  -1  -1  -1  -1  -1  -1  -1  -1  -1  -1  -1  -1  -1  -1  -1  -1  -1  -1  -1  -1  -1  -1  -1  -1  -1  -1  -1  -1  -1	 84998408639970 nsecs RQ    9    2
   1   1   1   1   1   1   1   1   1   2  -1  -1  -1  -1  -1  -1  -1  -1  -1  -1   1   1   1   1   1   1   1   1   1   1  -1  -1  -1  -1  -1  -1  -1  -1  -1  -1  -1  -1  -1  -1  -1  -1  -1  -1  -1  -1  -1  -1  -1  -1  -1  -1  -1  -1  -1  -1  -1  -1  -1  -1	 84998408640977 nsecs RQ   28    1
   1   1   1   1   1   1   1   1   1   2  -1  -1  -1  -1  -1  -1  -1  -1  -1  -1   1   1   1   1   1   2   1   1   1   1  -1  -1  -1  -1  -1  -1  -1  -1  -1  -1  -1  -1  -1  -1  -1  -1  -1  -1  -1  -1  -1  -1  -1  -1  -1  -1  -1  -1  -1  -1  -1  -1  -1  -1	 84998409136132 nsecs RQ   25    2
   1   1   1   1   1   1   1   1   1   2  -1  -1  -1  -1  -1  -1  -1  -1  -1  -1   1   1   1   1   1   3   1   1   1   1  -1  -1  -1  -1  -1  -1  -1  -1  -1  -1  -1  -1  -1  -1  -1  -1  -1  -1  -1  -1  -1  -1  -1  -1  -1  -1  -1  -1  -1  -1  -1  -1  -1  -1	 84998409174625 nsecs RQ   25    3
   1   1   1   1   1   1   1   1   1   2  -1  -1  -1  -1  -1  -1  -1  -1  -1  -1   1   1   1   1   1   2   1   1   1   1  -1  -1  -1  -1  -1  -1  -1  -1  -1  -1  -1  -1  -1  -1  -1  -1  -1  -1  -1  -1  -1  -1  -1  -1  -1  -1  -1  -1  -1  -1  -1  -1  -1  -1	 84998409177318 nsecs RQ   25    2
   1   1   1   1   1   1   1   1   1   2  -1  -1  -1  -1  -1  -1  -1  -1  -1  -1   1   1   1   1   1   1   1   1   1   1  -1  -1  -1  -1  -1  -1  -1  -1  -1  -1  -1  -1  -1  -1  -1  -1  -1  -1  -1  -1  -1  -1  -1  -1  -1  -1  -1  -1  -1  -1  -1  -1  -1  -1	 84998409184611 nsecs RQ   25    1
   2   1   1   1   1   1   1   1   1   2  -1  -1  -1  -1  -1  -1  -1  -1  -1  -1   1   1   1   1   1   1   1   1   1   1  -1  -1  -1  -1  -1  -1  -1  -1  -1  -1  -1  -1  -1  -1  -1  -1  -1  -1  -1  -1  -1  -1  -1  -1  -1  -1  -1  -1  -1  -1  -1  -1  -1  -1	 84998409202453 nsecs RQ    0    2
   2   1   1   1   1   1   1   1   1   1  -1  -1  -1  -1  -1  -1  -1  -1  -1  -1   1   1   1   1   1   1   1   1   1   1  -1  -1  -1  -1  -1  -1  -1  -1  -1  -1  -1  -1  -1  -1  -1  -1  -1  -1  -1  -1  -1  -1  -1  -1  -1  -1  -1  -1  -1  -1  -1  -1  -1  -1	 84998409218540 nsecs RQ    9    1
   3   1   1   1   1   1   1   1   1   1  -1  -1  -1  -1  -1  -1  -1  -1  -1  -1   1   1   1   1   1   1   1   1   1   1  -1  -1  -1  -1  -1  -1  -1  -1  -1  -1  -1  -1  -1  -1  -1  -1  -1  -1  -1  -1  -1  -1  -1  -1  -1  -1  -1  -1  -1  -1  -1  -1  -1  -1	 84998409278172 nsecs RQ    0    3
   2   1   1   1   1   1   1   1   1   1  -1  -1  -1  -1  -1  -1  -1  -1  -1  -1   1   1   1   1   1   1   1   1   1   1  -1  -1  -1  -1  -1  -1  -1  -1  -1  -1  -1  -1  -1  -1  -1  -1  -1  -1  -1  -1  -1  -1  -1  -1  -1  -1  -1  -1  -1  -1  -1  -1  -1  -1	 84998409281763 nsecs RQ    0    2
   2   2   1   1   1   1   1   1   1   1  -1  -1  -1  -1  -1  -1  -1  -1  -1  -1   1   1   1   1   1   1   1   1   1   1  -1  -1  -1  -1  -1  -1  -1  -1  -1  -1  -1  -1  -1  -1  -1  -1  -1  -1  -1  -1  -1  -1  -1  -1  -1  -1  -1  -1  -1  -1  -1  -1  -1  -1	 84998409283991 nsecs RQ    1    2
   1   2   1   1   1   1   1   1   1   1  -1  -1  -1  -1  -1  -1  -1  -1  -1  -1   1   1   1   1   1   1   1   1   1   1  -1  -1  -1  -1  -1  -1  -1  -1  -1  -1  -1  -1  -1  -1  -1  -1  -1  -1  -1  -1  -1  -1  -1  -1  -1  -1  -1  -1  -1  -1  -1  -1  -1  -1	 84998409284986 nsecs RQ    0    1
